140,200,72,123,179,241,140,272,227,88,97,147,195,141,84,16,119,162,152,144,216,178,137,162,112,104,176,145,167,69,127,172,139,227,119,153,124,248,172,262,243,154,201,176,243,204,153,181,151,157,169,262,75,230,132,174,88,89,217,186,165,91,158,109,96,83,167,188,148,214,191,159,100,261,146,164,207,125,145,152,117,45,209,190,172,187,128,77,178,211,198,225,60,157,161,143,103,88,167,121,149,168,55,176,145,256,155,136,180,92,152,221,152,35,170,138,186,115,135,164,105,149,139,194,128,124,110,189
175,153,16,121,190,159,143,117,143,42,120,146,92,83,110,56,117,100,82,44,75,74,119,113,62,95,66,135,119,124,199,80,106,186,92,90,108,140,45,134,194,42,199,92,86,188,250,65,63,97,113,226,95,143,55,126,135,140,139,122,223,42,49,137,103,132,241,105,155,112,113,180,201,76,172,235,115,131,181,48,27,47,89,97,152,93,112,7,164,161,158,124,223,140,172,41,135,107,84,171,96,199,159,113,189,32,170,114,161,207,147,194,139,89,95,146,88,83,161,78,94,-6,90,224,176,97,111,95
91,8,82,127,103,185,173,36,49,93,98,101,128,104,49,62,143,154,134,99,87,23,108,29,55,20,82,119,73,108,103,80,185,129,81,81,122,107,53,111,111,125,109,86,66,96,108,98,161,99,66,-1,83,75,40,164,126,136,120,36,119,-6,34,49,92,52,136,74,114,-4,26,125,185,-18,52,98,121,28,122,77,102,111,85,34,92,65,147,145,152,127,135,38,62,71,41,98,93,62,145,78,34,66,91,79,114,-27,38,107,88,215,45,-1,62,92,86,96,113,70,153,75,48,7,31,105,105,84,151,90
98,223,36,188,153,124,102,175,113,192,84,68,125,171,59,89,127,175,71,172,137,146,183,92,76,93,260,200,130,197,84,140,43,191,163,114,137,156,101,181,200,193,166,118,126,163,110,168,180,174,150,281,155,208,121,151,178,126,172,148,136,80,78,69,72,155,225,119,161,116,149,132,74,161,115,162,178,138,91,58,173,184,144,54,142,104,62,95,158,104,232,117,75,131,73,296,106,86,240,43,189,120,124,79,161,158,222,71,147,208,128,209,100,39,133,37,161,51,215,95,59,137,154,262,126,99,168,117
149,180,122,201,138,101,130,139,143,174,80,114,115,120,78,47,170,212,65,102,98,187,153,131,113,67,117,157,120,168,125,139,67,209,145,262,105,150,99,154,149,126,250,104,118,113,126,143,212,99,97,176,51,171,82,104,186,131,106,79,265,74,81,79,43,70,246,103,143,148,90,140,130,49,197,126,149,93,155,159,218,43,153,159,55,198,118,110,66,117,133,175,41,36,107,169,140,76,173,80,118,145,136,185,222,134,227,109,155,206,49,170,256,93,132,143,35,91,192,131,94,55,134,163,87,129,77,161
89,65,68,107,75,141,125,169,110,45,99,97,149,160,36,121,91,83,121,-50,63,90,53,121,25,38,44,28,156,137,133,113,50,122,154,144,55,169,98,59,135,152,118,-16,77,113,116,74,117,32,76,142,42,127,89,147,72,101,135,123,205,40,102,97,37,83,178,87,145,41,107,93,85,107,130,101,28,160,66,38,93,155,95,136,78,134,61,72,78,85,148,97,62,163,44,49,107,55,38,24,116,63,101,49,81,27,116,33,71,113,110,56,111,131,94,103,73,70,121,47,50,87,138,81,64,90,47,93
166,193,15,145,132,142,179,101,145,69,101,88,121,146,119,93,109,157,141,137,268,124,116,120,80,59,171,164,71,112,91,100,198,132,121,116,89,198,128,242,124,83,205,114,143,152,179,132,137,90,134,174,122,312,223,87,111,139,192,171,174,79,29,58,182,148,190,154,118,52,130,154,47,204,114,76,91,96,95,227,174,125,132,112,171,201,163,145,194,144,209,105,87,134,113,152,123,73,164,141,81,205,141,198,133,139,233,132,138,262,169,175,227,139,101,79,141,97,200,136,112,67,98,134,75,100,84,141
110,164,53,89,178,112,186,139,123,76,118,162,183,132,109,45,68,217,71,55,160,133,203,122,60,150,-17,87,88,101,87,121,35,118,131,221,78,94,147,125,198,10,75,94,90,83,153,130,77,152,102,164,97,78,72,227,130,52,50,157,120,-21,124,63,123,102,130,153,108,85,237,88,90,163,194,49,48,58,130,119,91,75,100,152,95,58,65,81,175,61,107,155,89,88,146,147,36,57,180,43,108,181,71,172,66,102,133,56,116,82,44,147,149,78,182,82,120,124,83,89,143,95,176,130,67,99,38,181
76,183,91,192,182,143,70,175,193,125,154,3,127,76,90,72,98,114,116,60,132,78,97,85,164,84,197,120,171,176,75,252,159,196,134,89,93,193,72,166,135,51,215,197,184,139,131,110,170,196,111,131,113,188,83,116,229,130,86,106,157,129,120,40,107,135,181,154,135,85,166,70,141,154,72,130,193,64,149,66,203,73,169,40,133,211,120,173,208,147,242,135,170,82,101,184,35,103,171,123,138,100,135,199,240,156,174,104,100,239,72,133,137,42,149,72,56,145,190,71,5,133,86,81,173,178,36,176
209,197,115,165,149,237,150,170,204,41,248,216,154,97,103,95,192,167,135,113,194,114,107,203,-2,42,78,230,129,132,173,128,126,281,186,179,152,193,100,127,166,104,197,162,171,141,233,147,182,101,72,154,178,168,242,114,147,116,100,116,151,24,81,204,189,125,299,217,138,200,108,214,135,88,154,131,190,148,119,96,181,231,178,107,205,146,213,135,150,219,269,254,163,143,223,129,76,97,204,207,206,179,116,211,247,167,167,198,136,244,114,178,177,102,91,108,137,139,131,139,119,90,120,51,122,115,123,178
193,199,77,204,117,223,161,226,207,64,141,151,154,164,112,123,117,168,100,75,194,214,129,113,113,90,41,195,152,69,82,127,169,98,167,134,174,224,134,139,159,147,217,44,152,108,230,138,121,140,49,202,106,168,164,156,108,130,168,127,181,-102,179,28,155,176,308,148,219,137,105,211,148,159,78,193,182,147,211,173,188,124,159,117,111,216,118,144,145,176,191,160,123,91,120,158,169,35,169,116,214,242,145,176,149,159,167,221,106,193,156,206,182,130,175,82,169,95,174,85,87,71,212,135,144,52,114,151
161,58,145,148,157,113,86,143,194,169,142,100,202,158,151,83,128,142,95,66,185,-5,68,158,50,142,141,130,27,177,143,159,46,90,148,288,87,183,254,136,42,124,125,61,195,93,127,236,113,151,77,80,30,148,66,40,146,135,90,108,79,141,185,164,153,91,146,157,206,114,70,73,119,144,70,114,43,83,162,86,192,88,196,161,192,114,190,221,111,143,205,67,178,86,127,115,102,86,127,118,202,106,141,164,121,166,123,181,102,164,52,105,134,117,148,105,61,59,109,100,81,80,39,1,18,190,145,186
92,221,149,105,182,157,103,157,166,110,76,101,108,234,238,104,188,180,184,99,136,123,127,173,23,166,138,187,117,190,135,181,133,176,89,155,110,193,119,161,106,115,168,9,125,159,138,198,120,124,163,125,95,214,152,130,179,70,42,187,183,128,172,188,109,74,216,117,230,154,193,102,60,193,181,160,136,33,155,77,151,170,208,77,140,95,173,149,84,106,195,164,99,145,182,127,161,68,194,169,192,172,134,168,168,150,176,191,125,241,176,315,241,166,88,146,101,217,62,167,130,155,132,160,149,203,32,78
88,106,11,43,84,191,87,49,144,32,96,86,75,134,108,29,37,45,92,50,80,34,21,4,13,85,114,16,30,207,75,103,133,117,98,77,73,116,79,134,116,112,148,58,97,109,84,100,122,96,68,87,55,127,25,118,59,193,159,72,113,89,16,71,85,131,87,121,88,72,142,96,146,186,106,138,178,-11,130,26,133,68,139,97,123,115,138,22,156,72,54,152,155,75,72,112,78,64,75,99,135,138,139,10,137,95,101,118,39,221,93,159,118,109,77,78,127,38,119,13,113,86,174,76,95,104,64,55
147,170,79,107,159,157,116,191,209,154,281,123,134,129,241,97,114,121,171,112,141,105,179,165,134,96,186,202,116,162,119,122,193,183,164,230,108,184,152,213,130,103,245,90,102,95,189,72,188,73,151,157,89,117,90,240,45,174,167,44,194,100,155,165,110,116,169,120,154,63,162,115,145,127,194,128,148,67,125,120,166,148,232,44,145,120,169,157,130,217,184,140,214,88,172,152,179,104,197,175,155,129,173,234,234,108,209,181,201,255,150,225,274,140,150,179,132,280,182,89,118,106,48,199,224,159,91,152
64,116,94,75,94,52,135,82,109,14,62,42,136,69,-50,164,86,82,100,88,120,63,84,144,49,3,57,23,110,137,109,90,59,79,106,118,55,122,45,26,71,21,108,56,7,53,47,104,116,103,49,128,87,129,43,75,67,-19,135,-17,134,-17,51,56,112,28,81,3,64,120,69,64,78,48,74,111,134,41,59,109,33,38,26,42,69,52,29,91,82,50,112,76,-25,58,117,63,54,-29,80,4,27,91,68,34,93,132,87,47,19,117,50,131,163,127,-5,89,33,-23,107,43,49,136,67,118,123,69,1,93
135,244,69,184,178,172,185,160,227,74,162,96,53,172,158,108,142,184,224,117,147,85,94,48,170,63,108,143,92,77,43,143,157,106,119,105,154,195,195,107,128,71,133,50,136,188,124,118,112,218,94,125,81,195,98,105,138,154,207,218,164,32,79,92,114,161,223,85,111,143,200,120,113,205,71,97,205,84,149,199,98,13,143,77,165,140,172,122,222,147,219,180,84,190,73,167,146,69,226,121,95,146,138,169,154,173,156,164,146,153,117,210,254,163,150,70,161,134,91,84,82,128,101,126,142,114,163,177
98,208,87,168,63,200,150,155,246,95,189,175,148,144,88,95,43,55,81,112,220,65,105,213,77,145,107,34,110,158,109,128,101,168,72,169,135,182,156,193,149,63,151,145,137,113,175,123,180,48,46,147,67,172,60,268,137,60,198,142,152,55,87,136,101,136,231,135,140,128,93,165,98,111,144,104,228,135,123,98,55,-29,135,112,181,68,147,152,127,101,151,173,91,74,109,101,77,127,147,45,102,167,133,177,168,217,134,97,125,161,55,97,207,183,155,151,128,132,170,128,46,84,36,143,122,61,95,215
204,224,116,227,75,176,179,148,239,210,136,222,151,152,138,181,126,192,80,141,147,108,156,149,160,144,54,148,116,142,149,155,80,132,204,217,86,131,188,167,163,63,231,88,203,177,65,110,169,205,133,162,125,196,52,124,166,185,173,94,197,97,196,84,120,148,138,188,125,98,210,159,142,244,162,106,120,161,143,180,280,102,132,77,144,190,90,83,77,189,147,158,217,155,114,127,50,116,89,111,70,177,171,185,157,164,166,155,159,228,201,154,205,132,163,92,122,174,187,156,75,71,95,164,256,139,99,115
114,231,84,158,147,91,125,152,177,127,160,139,137,63,149,89,120,134,100,124,69,77,201,175,106,163,126,168,121,44,70,85,110,109,157,179,126,199,102,66,69,163,192,153,216,57,167,118,182,117,92,87,79,97,61,107,79,82,194,76,99,89,23,184,176,104,190,54,150,146,205,83,175,135,73,182,158,170,141,130,126,28,186,99,207,139,79,94,117,128,190,137,59,126,116,115,134,120,99,115,146,113,135,119,190,109,161,187,149,209,133,257,152,81,41,56,86,126,112,42,9,145,112,164,114,99,105,61
221,145,93,196,191,157,127,178,217,115,47,74,175,106,138,112,62,106,184,90,86,81,133,137,219,125,113,159,129,237,166,58,93,131,103,211,54,150,119,81,151,67,143,89,102,111,90,94,216,95,38,100,42,195,93,183,72,91,122,113,59,80,68,97,197,72,202,89,186,114,132,133,200,189,129,121,117,72,165,154,152,77,119,33,172,115,77,233,117,135,160,43,135,98,140,178,183,65,206,152,191,220,151,235,195,186,155,167,110,229,152,137,210,167,81,157,111,123,163,74,172,127,107,162,187,140,132,75
145,250,47,124,136,86,140,124,143,69,155,105,99,141,187,102,124,148,104,81,100,58,96,81,127,52,157,-46,119,156,76,126,174,125,92,195,175,185,84,194,169,120,142,148,81,151,115,164,115,78,128,179,49,158,65,62,229,152,185,159,178,106,48,-5,117,162,203,92,177,111,114,89,150,140,29,135,163,163,157,98,127,57,141,86,131,119,44,103,126,169,106,107,128,138,97,69,84,85,91,14,119,127,160,89,168,147,246,107,32,170,103,150,192,37,152,22,176,28,163,55,127,101,66,159,120,20,114,31
159,148,96,77,55,200,135,83,95,102,129,64,96,211,161,72,83,163,76,36,133,44,60,154,67,107,117,104,84,124,113,155,59,186,125,122,81,274,191,167,90,104,179,45,85,60,232,46,174,163,123,186,37,128,61,183,159,124,139,139,148,47,89,112,149,87,257,119,173,100,182,141,106,81,108,86,122,98,251,87,130,18,136,100,219,105,165,146,141,151,203,121,186,83,123,105,125,133,127,74,57,201,167,178,162,73,101,141,78,99,128,112,153,93,157,143,109,102,217,57,76,112,132,148,155,79,73,132
116,261,162,247,138,276,112,213,132,99,282,127,183,204,100,104,187,122,159,90,204,156,218,42,80,183,117,284,206,169,52,152,142,120,209,131,67,247,194,278,113,148,206,143,159,236,183,123,144,169,99,186,92,295,237,186,198,182,151,240,221,99,197,146,112,125,305,220,192,150,200,22,154,200,123,176,183,193,238,200,168,157,266,123,191,148,133,115,167,141,199,190,123,190,175,155,131,120,158,106,165,189,98,242,239,146,275,218,104,162,192,210,194,123,142,54,50,110,192,154,-10,87,214,174,112,84,148,114
177,123,55,120,113,181,35,92,115,27,155,131,135,96,77,65,144,214,82,45,188,31,83,73,24,97,127,151,36,97,57,117,8,121,169,161,131,213,102,190,100,143,151,92,171,102,164,-2,13,143,157,110,158,174,110,95,-9,124,183,144,178,67,29,94,38,100,227,146,165,151,80,54,96,158,128,89,81,107,159,137,173,71,183,173,167,129,155,91,102,149,203,74,195,101,136,159,120,94,140,59,106,134,112,112,180,133,171,149,107,119,170,74,130,3,79,84,48,117,160,106,129,108,117,113,74,59,110,124
193,174,70,102,58,182,165,119,164,68,185,149,194,125,47,134,49,160,192,135,142,120,221,229,123,133,165,131,65,120,106,129,136,214,220,215,152,77,152,86,166,132,133,98,162,126,141,157,193,57,55,114,21,151,101,183,84,94,127,38,154,21,136,81,139,151,151,160,193,78,84,204,203,98,107,248,135,75,154,150,151,17,136,52,126,177,93,139,254,124,211,156,109,16,109,215,133,47,186,139,161,112,168,122,178,194,195,217,202,176,82,173,253,171,71,134,184,127,153,56,30,75,128,155,143,133,92,185
194,179,54,169,106,221,197,200,110,164,121,60,248,143,75,207,64,209,253,163,189,213,247,231,73,157,47,238,152,201,66,157,97,174,195,110,11,186,135,138,207,112,145,86,180,238,198,197,166,94,105,191,98,246,72,174,67,16,155,230,196,86,194,62,137,142,184,127,251,191,304,129,115,237,129,185,152,155,153,273,195,64,189,139,153,187,113,145,202,122,175,150,101,79,150,206,194,61,205,103,142,244,159,220,142,211,238,170,168,202,129,243,191,140,133,117,68,156,261,61,151,145,227,188,162,149,125,144
176,126,47,73,94,80,170,88,122,50,126,41,96,98,84,45,64,110,111,31,202,99,152,91,86,111,103,66,111,135,118,162,157,163,93,96,90,93,63,118,76,26,211,14,73,156,189,129,150,55,136,74,91,161,74,135,101,117,83,80,189,38,58,13,108,51,170,75,154,110,123,132,88,88,132,240,164,19,111,83,117,82,10,47,166,162,107,137,113,191,105,102,70,55,158,115,115,58,107,113,65,109,116,133,217,162,191,143,115,202,107,208,149,134,101,128,166,135,186,43,53,80,84,119,46,135,67,67
88,148,27,94,104,191,124,187,105,115,55,98,83,144,151,93,85,140,75,62,149,181,149,95,115,113,74,147,24,66,92,83,32,170,64,145,-14,139,112,75,129,34,193,160,158,131,143,83,117,118,15,223,-2,240,167,109,154,84,106,125,179,64,84,70,51,69,219,107,116,106,159,72,16,243,92,81,56,118,171,26,80,110,127,108,149,177,134,138,123,135,248,47,87,59,21,146,95,127,215,111,136,172,94,147,124,127,168,66,50,91,155,45,83,51,75,58,74,86,130,83,49,92,115,124,112,118,62,154
133,116,84,119,165,195,139,138,85,38,246,124,238,169,91,214,72,243,118,90,212,91,165,119,65,141,135,104,57,155,92,192,149,141,213,220,101,174,193,112,138,94,159,146,127,174,96,128,171,172,25,188,27,168,133,121,117,113,218,167,120,73,181,117,119,126,246,170,116,126,240,103,144,196,128,177,63,144,192,181,145,130,144,197,163,185,118,177,221,139,208,149,89,167,118,198,153,44,206,78,129,147,129,120,164,238,123,140,96,198,129,121,136,54,132,28,129,57,103,97,63,166,46,167,133,103,125,185
130,173,78,153,121,175,175,146,148,127,74,154,178,120,99,112,93,226,216,119,90,108,205,104,48,149,48,82,64,107,164,140,72,205,164,162,168,155,124,96,112,46,77,53,173,174,121,175,110,146,119,178,31,176,130,143,228,64,110,55,156,127,103,94,27,83,186,136,147,100,200,129,200,79,175,88,134,88,122,183,145,34,159,58,84,56,129,74,115,189,300,161,171,92,36,127,163,101,150,156,123,201,113,194,196,230,132,43,178,201,92,173,150,132,120,172,117,154,75,153,115,104,99,200,1,161,78,147
114,171,126,180,179,197,136,121,182,100,222,244,184,134,159,163,179,196,191,124,176,118,152,89,127,144,106,59,155,133,189,67,118,199,128,144,213,133,101,132,119,176,78,103,110,222,102,91,153,142,79,176,62,127,92,130,77,121,206,47,154,13,107,75,82,27,160,143,176,120,185,115,125,146,125,76,114,107,194,123,92,83,192,5,111,130,30,143,217,133,252,146,102,169,93,152,70,54,169,79,96,129,20,108,173,108,160,66,173,205,126,167,213,98,109,153,129,102,129,89,159,119,130,48,179,64,109,137
171,95,8,161,141,81,118,139,165,20,175,167,156,158,161,33,105,85,66,113,87,58,137,137,137,121,169,134,66,52,111,41,81,138,181,164,11,137,177,124,12,155,172,112,169,66,96,175,108,77,103,89,0,169,134,135,128,142,127,71,133,17,77,90,161,100,237,162,145,92,137,52,213,187,15,121,58,80,151,141,165,64,130,55,57,157,113,212,130,166,131,159,-29,138,94,83,91,61,182,98,147,112,93,174,245,151,87,117,133,195,115,174,217,92,136,78,128,6,60,48,46,11,80,112,99,125,56,215
126,185,17,130,116,138,115,156,189,52,224,149,133,52,81,126,80,129,116,57,141,142,184,167,86,105,67,136,169,109,181,117,122,99,94,199,52,193,24,87,120,65,149,136,81,136,215,149,144,43,59,169,70,133,129,190,51,85,125,30,157,-16,146,102,76,81,171,142,90,112,211,93,141,160,168,137,133,79,104,130,108,108,114,59,194,129,151,183,133,44,132,142,120,103,84,141,123,88,148,192,201,162,120,183,163,166,186,149,169,151,127,206,115,98,73,93,49,167,149,153,60,65,-29,179,187,102,30,165
154,297,123,176,205,259,138,186,207,163,162,234,113,100,155,81,128,232,96,160,175,121,154,43,60,203,143,195,253,210,147,121,85,151,218,227,130,171,187,183,133,109,156,71,220,101,120,40,169,163,125,237,87,150,20,160,60,176,181,152,226,-19,155,58,58,125,176,203,143,79,191,54,144,126,192,47,143,50,129,135,159,98,162,109,177,152,91,128,193,152,86,186,197,124,208,94,104,39,183,115,163,218,131,246,208,187,185,101,286,192,99,196,284,90,102,124,37,192,211,110,169,55,187,129,139,153,97,129
204,203,69,248,255,186,122,116,228,108,66,165,152,180,204,120,44,146,1,119,154,90,127,203,87,48,117,193,167,161,158,144,122,190,79,160,67,222,222,122,120,91,192,61,116,132,161,184,104,64,125,170,97,271,92,136,66,113,145,14,131,94,102,80,147,113,187,164,143,153,213,177,125,241,104,172,165,172,156,145,138,74,110,93,141,215,103,128,235,128,114,135,144,108,102,194,172,91,168,141,155,145,170,236,132,116,143,78,119,139,200,209,132,118,111,138,137,149,271,204,83,139,45,237,195,116,141,94
118,130,29,58,127,138,73,95,169,35,146,128,116,95,75,94,114,142,125,100,174,48,189,147,97,108,130,93,133,174,104,94,164,173,179,193,91,50,120,63,164,62,207,35,120,148,131,120,136,167,122,168,3,176,78,159,175,116,151,20,151,3,136,80,63,108,135,146,136,27,145,129,123,110,93,208,125,135,163,88,115,55,128,92,119,134,18,120,195,142,146,99,144,116,177,121,29,53,108,72,80,135,118,76,106,78,111,72,196,115,158,134,189,114,74,69,154,60,127,102,28,48,34,75,108,96,33,62
191,131,8,127,54,42,85,162,98,44,95,67,61,115,90,95,78,58,12,122,41,105,102,214,19,55,95,116,144,143,175,114,110,95,114,204,67,185,221,109,91,127,167,43,70,93,99,124,110,54,127,153,130,61,17,122,-7,167,144,84,114,47,131,99,106,87,194,110,22,6,36,143,42,85,132,98,86,218,26,100,109,120,-14,88,89,104,92,41,82,108,196,127,110,123,115,108,85,126,80,17,57,87,202,176,79,54,241,51,103,121,29,109,69,125,24,49,112,128,94,97,77,83,54,160,163,52,85,6
176,134,80,152,199,159,164,164,139,72,153,170,119,44,125,150,67,123,51,113,124,25,131,141,109,105,85,107,132,165,155,69,38,151,147,150,179,157,98,131,155,178,186,116,91,100,226,66,168,85,139,148,25,157,82,100,43,116,131,98,175,16,79,118,117,16,137,110,151,142,120,95,60,98,160,161,139,132,156,160,187,82,110,24,145,173,115,105,170,181,175,186,74,163,117,143,116,96,124,134,138,100,151,148,176,90,207,122,210,250,92,153,153,64,136,149,169,85,128,122,97,72,118,95,90,139,107,22
174,188,50,146,156,95,169,161,26,30,180,92,141,90,61,129,136,159,143,115,38,69,164,175,23,133,77,152,155,177,112,66,75,106,222,200,89,152,170,51,162,95,142,57,131,143,101,131,70,149,82,61,65,135,159,138,111,112,148,106,177,46,94,170,98,160,171,123,215,102,215,64,185,162,101,120,80,176,59,145,155,110,171,142,142,132,44,75,120,130,153,128,31,147,81,91,189,31,201,-6,177,133,198,140,181,178,160,169,142,113,61,105,180,84,31,21,12,66,171,110,60,88,107,176,137,147,120,83
116,265,23,246,82,168,111,119,102,114,110,162,126,108,96,77,116,191,10,140,188,55,77,184,28,46,157,113,229,144,126,82,93,129,168,102,72,151,142,139,185,128,155,111,134,161,91,107,96,154,93,100,232,74,55,114,50,118,120,158,43,51,95,67,183,194,265,133,120,146,128,211,79,65,119,119,192,154,144,98,142,199,100,141,144,10,112,105,205,156,100,140,82,69,110,235,46,24,183,73,165,106,144,76,179,164,181,106,142,159,141,273,138,112,-21,102,95,112,139,159,104,108,180,151,115,92,168,99
154,92,15,162,82,70,181,155,76,58,183,52,-7,177,69,2,55,114,61,129,96,62,107,138,39,101,83,104,116,109,52,174,87,148,98,93,96,127,114,210,91,142,166,28,49,47,192,115,56,34,75,109,88,69,76,152,-5,111,127,86,165,34,78,95,63,87,128,154,253,103,66,162,90,70,121,145,81,87,114,62,171,66,175,143,164,117,114,108,248,118,160,107,90,53,40,133,166,61,106,92,94,94,138,142,164,82,140,110,92,169,113,138,114,110,122,91,81,76,138,86,155,52,133,168,149,108,104,148
52,124,107,110,107,167,84,41,47,45,73,91,101,69,24,8,-9,85,117,79,132,66,129,46,-5,54,66,115,75,44,-21,123,138,121,128,67,113,159,73,100,97,159,70,54,69,27,42,52,114,63,21,142,8,80,105,94,55,36,117,74,112,28,104,92,85,33,104,35,63,107,72,131,146,102,14,141,158,100,139,107,70,-7,172,70,80,69,13,39,182,109,133,105,88,128,59,61,183,20,76,160,76,79,45,102,88,33,-23,105,161,143,57,65,148,49,86,39,119,59,112,128,47,142,100,75,149,94,142,77
59,169,93,74,128,128,161,76,127,73,103,123,180,117,140,202,117,172,84,136,84,82,70,150,107,106,133,119,100,127,131,121,68,189,114,143,40,173,132,148,190,62,213,102,93,115,123,88,167,125,94,85,38,167,127,108,190,93,142,93,152,45,91,82,146,38,83,165,117,57,126,69,147,131,95,141,41,79,93,103,184,56,95,77,133,142,60,109,161,174,142,76,68,93,80,82,59,48,143,104,63,168,133,203,108,180,199,171,64,127,114,129,184,80,164,194,73,118,206,44,47,93,104,126,70,141,99,144
93,161,165,172,89,142,162,141,171,177,223,164,223,122,137,179,111,141,145,99,197,71,137,207,78,167,99,151,109,142,173,158,145,280,172,163,115,191,197,183,217,72,231,31,93,267,192,183,87,106,121,142,50,109,154,181,236,105,122,96,165,158,249,154,157,179,323,162,102,160,239,162,104,189,181,144,130,81,151,193,191,113,186,119,139,133,81,163,205,165,306,190,96,57,184,141,146,22,151,109,131,154,155,196,169,162,193,85,167,216,241,211,209,146,136,132,49,103,-3,109,58,70,48,88,66,192,29,240
120,185,54,69,139,92,118,147,192,61,142,53,118,117,99,35,131,65,97,60,168,112,-14,169,115,120,147,91,119,123,145,121,83,71,110,98,117,144,-1,161,157,91,151,106,77,158,224,155,87,74,57,116,57,195,87,140,210,96,158,126,104,111,40,184,170,139,201,128,159,63,77,156,161,50,54,125,141,143,127,95,86,86,155,84,166,77,176,153,144,152,165,147,145,142,154,39,92,135,93,111,148,182,179,157,169,158,134,156,117,169,79,133,129,146,108,142,115,93,174,95,106,73,88,107,82,127,75,146
216,175,165,123,129,255,167,181,194,160,227,220,191,113,144,48,164,259,68,267,222,121,259,151,70,221,170,152,145,179,178,148,246,235,190,162,130,197,212,169,206,140,281,122,138,211,221,159,210,127,142,174,87,151,83,294,157,207,232,116,248,83,180,116,173,153,246,205,152,183,217,179,201,149,185,210,151,114,229,205,214,10,196,181,77,212,137,116,219,192,160,217,144,161,241,156,104,145,139,137,129,284,202,252,232,229,201,200,226,201,123,215,202,88,158,186,121,191,224,176,124,83,113,275,192,156,112,220
175,192,41,181,76,142,115,92,154,79,124,145,135,55,32,192,102,110,128,171,191,51,159,192,-6,146,154,139,133,203,137,109,133,178,207,96,110,163,96,142,168,43,238,75,65,93,170,112,228,137,57,123,182,182,131,147,85,164,130,168,228,12,78,101,194,75,192,77,94,166,86,172,133,85,210,237,191,114,79,203,153,80,143,98,112,142,166,33,193,64,151,154,98,165,194,185,82,52,127,146,106,232,184,219,223,155,208,135,186,217,167,228,268,197,62,114,113,118,169,77,103,60,170,130,198,156,78,66
327,191,88,236,184,188,200,159,253,141,140,170,257,96,213,131,172,133,237,141,190,77,169,238,172,85,80,201,177,240,121,131,257,189,146,173,145,216,129,184,197,0,323,24,165,243,198,164,219,156,171,168,106,249,158,197,118,209,233,137,220,77,102,191,221,89,121,73,229,236,226,327,148,149,192,324,273,178,266,251,275,64,153,66,150,288,172,203,184,214,251,172,74,233,275,137,157,80,117,197,117,195,188,238,236,192,172,205,220,310,172,206,260,228,173,189,237,143,281,107,104,115,200,108,260,182,134,85
177,279,18,197,179,215,187,159,224,125,130,185,43,220,73,116,106,179,126,99,188,123,143,154,75,86,167,120,80,180,-9,109,170,197,165,191,109,242,159,225,119,92,180,136,220,94,164,128,201,118,137,228,35,209,194,115,132,167,105,137,238,87,42,65,126,115,262,123,245,197,64,179,135,161,111,165,206,176,192,146,166,170,158,139,216,186,162,91,240,165,224,156,71,178,121,166,166,132,224,77,182,178,186,205,214,84,239,96,137,203,38,191,320,150,181,56,204,112,252,118,90,60,90,157,94,196,132,163
79,173,143,104,118,145,150,22,125,53,77,125,105,95,122,63,23,158,91,54,176,140,69,73,65,89,77,33,96,102,161,223,109,126,81,125,118,144,160,88,117,55,149,8,146,98,110,77,135,47,90,90,158,168,123,79,129,115,105,59,217,49,33,67,110,106,206,64,46,89,160,93,106,121,97,95,186,109,130,171,62,22,129,105,88,112,61,59,163,85,135,35,84,71,65,73,83,58,119,96,148,102,105,153,133,76,55,119,144,171,84,171,119,113,153,97,63,171,121,129,11,195,65,128,117,93,150,103
138,206,122,223,203,150,124,147,170,79,148,190,120,174,91,158,174,153,168,93,162,180,142,167,90,125,31,154,124,76,164,130,219,66,77,128,147,263,135,163,152,93,133,76,93,173,157,128,126,132,89,122,156,256,256,201,170,90,118,141,226,33,98,118,129,159,216,175,174,113,138,177,139,181,76,143,130,213,186,278,136,146,183,208,182,80,90,92,126,104,145,42,134,163,128,74,42,75,243,154,177,132,81,179,126,135,164,195,203,239,117,174,190,106,130,63,63,119,119,241,81,87,112,120,154,123,168,84
171,216,49,200,179,216,141,175,154,215,195,184,200,182,213,99,153,240,159,107,203,159,115,275,177,119,114,201,187,206,65,68,177,71,112,208,158,241,132,223,228,117,164,33,247,200,231,164,168,202,205,286,187,287,90,269,90,149,178,151,162,15,102,136,81,131,220,189,221,145,192,132,127,177,125,104,197,208,85,220,173,163,219,57,250,121,101,171,127,157,235,106,130,165,145,180,174,71,185,89,218,215,195,169,130,97,163,172,166,179,179,131,171,98,190,133,275,271,208,192,61,173,66,235,188,64,186,89
130,133,110,77,146,263,144,92,179,56,164,155,142,141,117,75,137,236,109,60,158,142,104,99,5,130,100,151,101,66,175,91,167,154,81,165,105,178,99,147,202,27,131,128,184,176,134,72,73,171,168,121,140,152,105,225,46,115,124,136,174,5,103,175,112,120,121,115,143,94,139,150,121,137,181,182,142,104,145,180,177,89,128,107,158,139,105,153,97,159,176,158,91,153,89,116,45,59,119,80,154,135,159,187,128,212,170,175,94,198,42,155,182,97,121,177,150,225,210,187,73,120,199,136,131,208,110,159
218,240,117,225,194,259,202,308,181,130,251,158,176,141,134,142,145,212,235,139,241,206,214,102,127,153,126,247,185,225,114,115,188,170,188,281,113,268,173,142,171,144,215,193,247,149,181,140,202,206,120,167,156,256,103,246,102,177,181,239,234,104,129,151,148,139,235,189,251,166,211,105,192,243,215,184,146,134,168,164,181,148,224,220,226,251,42,187,262,173,207,188,172,133,182,202,147,95,232,157,241,215,227,287,262,197,279,217,270,278,120,223,266,145,174,134,74,218,264,148,197,134,226,160,231,174,129,226
17,51,23,103,78,72,115,158,126,25,77,121,83,224,27,84,85,99,58,53,116,150,84,18,64,11,34,126,59,58,104,56,53,82,34,32,71,172,207,43,24,49,154,54,200,155,49,-23,129,130,141,159,16,146,99,11,45,120,71,7,105,10,81,133,107,91,171,98,139,79,144,86,7,184,120,121,169,51,127,96,99,113,72,70,56,149,113,23,110,88,143,116,128,83,65,87,139,78,134,145,158,80,131,128,148,134,154,109,50,100,58,155,108,45,99,2,81,95,63,136,68,74,39,118,132,153,68,12
278,229,54,171,138,165,189,242,268,137,144,80,189,116,159,103,138,152,187,176,145,146,189,236,40,140,148,190,167,139,183,185,153,253,230,168,182,224,182,153,188,134,209,196,225,152,229,164,206,168,93,137,116,158,59,183,112,150,172,170,237,85,165,154,258,162,167,149,224,197,191,174,195,171,162,229,144,241,137,158,138,94,132,181,176,187,145,67,198,211,173,227,204,183,146,153,133,129,147,69,184,179,202,225,241,199,223,216,173,227,92,178,196,130,100,135,189,134,301,97,148,137,187,232,193,164,122,121
150,224,120,204,182,136,87,81,169,138,174,101,166,152,123,153,118,154,146,71,160,115,106,118,4,173,73,192,137,139,146,118,129,91,163,140,209,219,239,149,178,115,71,75,35,144,109,122,220,204,6,142,130,201,165,147,145,156,144,138,149,88,134,130,129,205,232,174,191,66,110,192,148,130,152,151,131,136,224,193,246,77,188,165,114,173,93,118,171,28,193,142,174,107,86,182,167,87,122,86,204,184,191,193,188,181,187,148,144,237,22,128,226,153,89,61,85,83,226,160,86,118,146,94,115,109,190,97
183,126,144,130,117,174,70,83,41,78,174,82,127,114,112,107,211,186,161,45,125,101,177,139,85,107,76,113,94,128,47,23,111,175,80,206,51,125,141,155,93,-36,123,91,124,114,52,104,184,188,115,89,105,114,68,102,64,75,91,130,157,6,64,189,70,32,197,110,90,110,119,53,72,90,144,74,156,85,98,151,183,102,79,29,162,72,116,152,26,206,184,129,163,44,174,137,64,68,188,174,45,178,144,174,143,82,171,185,40,207,159,95,162,148,77,138,93,146,191,155,99,103,80,74,100,60,85,-3
114,203,114,151,147,200,122,193,199,98,192,169,227,166,154,126,158,94,162,184,187,206,184,173,143,221,81,200,127,158,124,94,148,177,174,181,141,177,167,88,124,144,142,107,146,197,226,214,148,114,128,228,9,296,183,191,96,126,185,119,144,95,137,187,161,142,249,55,209,190,142,235,105,245,104,132,181,127,275,219,135,37,148,110,207,146,128,192,186,138,191,159,188,160,134,138,174,98,265,194,249,250,109,240,142,130,136,173,289,271,196,253,160,128,76,162,140,64,166,198,57,89,207,130,128,220,94,139
77,157,17,127,158,113,143,152,78,42,74,144,201,42,69,181,127,231,193,58,167,135,215,119,32,122,136,236,104,211,89,87,55,90,207,234,75,151,151,116,160,-3,185,70,221,205,106,123,156,171,105,139,137,179,158,142,97,121,116,140,189,-16,87,147,40,121,147,53,172,149,232,53,166,170,192,174,136,58,91,138,166,83,163,147,152,110,116,145,166,206,210,120,65,159,146,190,119,4,195,71,89,120,54,164,212,180,178,69,208,223,176,154,127,47,72,90,56,101,83,150,22,181,128,131,159,86,75,89
125,90,134,111,80,196,190,198,104,94,86,116,224,148,104,85,115,188,111,98,121,115,81,164,59,198,170,142,24,246,178,155,77,295,200,227,84,66,120,179,87,-10,206,105,190,180,180,102,152,130,80,139,40,137,154,165,41,155,27,67,256,145,44,151,25,96,120,95,167,116,131,140,124,85,251,140,78,86,132,162,170,159,136,101,83,139,171,90,166,78,254,180,102,77,111,153,42,41,243,71,144,195,63,99,147,128,112,77,153,229,154,192,160,101,90,152,53,119,58,126,31,69,142,26,101,170,132,142
153,178,102,45,78,120,96,137,156,53,155,115,99,74,109,201,93,153,164,39,201,60,124,163,89,97,31,138,93,223,107,166,45,75,217,186,133,143,98,70,157,26,100,-2,158,193,150,100,180,159,44,147,65,268,100,153,140,169,147,127,182,60,72,113,91,82,208,138,171,152,150,155,128,52,167,239,127,111,192,160,82,92,165,76,122,136,124,97,106,125,223,137,182,100,106,194,158,60,88,148,58,151,99,205,229,157,227,152,159,166,103,130,164,108,96,77,61,188,130,121,-16,98,111,183,150,129,66,48
151,164,41,193,117,221,172,236,235,190,169,172,186,171,163,144,131,232,141,144,210,207,193,169,117,71,103,268,140,85,139,53,207,193,137,159,113,184,108,144,208,155,138,152,144,175,269,169,191,216,85,232,131,272,103,165,171,85,185,131,149,40,172,69,174,125,204,129,190,125,112,142,169,216,45,151,74,202,140,175,111,107,219,99,169,171,119,91,147,77,210,160,100,149,166,167,57,135,237,132,110,161,188,212,96,101,230,139,168,255,102,236,240,123,134,173,175,146,231,141,76,101,126,129,138,177,148,219
38,193,82,95,137,108,189,143,159,-42,161,111,107,177,17,136,17,116,163,85,158,68,89,92,76,46,160,116,74,254,169,143,63,42,142,106,100,141,82,136,166,202,198,93,182,163,96,136,90,95,101,160,91,261,117,142,124,35,250,128,142,110,112,54,173,137,263,199,158,41,92,159,133,170,124,115,93,-15,197,13,161,120,104,172,207,215,146,193,274,145,137,155,158,40,144,144,187,36,149,115,178,219,148,167,147,153,164,104,106,189,93,173,98,108,105,7,131,40,206,72,170,45,152,172,97,108,118,254
81,196,96,82,93,155,203,159,98,7,185,156,85,186,144,46,28,107,101,103,56,81,80,90,80,130,141,171,103,66,140,118,85,106,84,122,143,227,237,74,126,101,100,112,175,106,133,49,67,81,104,88,61,208,132,77,149,166,122,30,229,-12,6,133,112,130,202,133,152,65,125,103,181,155,25,142,153,113,145,36,107,123,68,56,79,55,106,93,193,172,179,124,88,116,56,20,99,129,167,114,202,122,175,231,181,186,189,135,100,118,88,106,129,161,92,21,84,179,168,155,4,107,68,126,154,136,158,137
115,205,12,213,154,149,91,192,164,157,180,110,119,146,163,82,76,183,76,152,229,182,142,112,193,58,250,111,92,156,91,166,170,171,110,229,107,168,95,101,233,139,163,120,167,187,157,91,199,118,108,211,143,182,93,130,119,174,202,158,116,58,115,92,190,196,293,51,121,123,177,116,100,180,105,147,279,135,190,87,179,131,105,66,238,121,111,223,228,182,94,139,170,150,58,223,198,57,176,164,225,160,189,136,182,143,253,120,80,238,132,209,179,108,141,74,186,154,177,120,43,234,79,178,194,116,95,140
0,66,-3,57,82,91,78,191,139,63,63,43,35,78,110,21,25,60,129,47,22,183,71,68,134,119,142,26,26,79,62,50,141,36,4,13,147,19,48,208,78,-8,96,59,122,220,93,-7,119,92,52,136,-40,145,128,174,44,95,103,22,109,91,53,101,47,135,4,77,126,46,62,29,86,76,80,143,34,140,72,91,25,130,117,74,59,144,75,66,52,-26,178,21,-8,127,87,81,90,75,200,99,102,52,125,143,57,94,111,127,132,180,66,68,80,23,76,-1,99,143,37,-12,58,69,68,167,89,110,133,77
162,138,75,161,178,277,203,182,87,52,148,146,265,155,99,111,73,193,115,93,92,90,187,161,106,84,108,229,123,149,135,57,34,208,155,143,20,161,46,168,144,105,159,85,157,175,207,163,153,57,55,153,11,181,175,173,78,92,60,98,161,22,151,87,39,53,208,160,230,169,291,76,140,92,149,158,126,93,159,146,235,131,142,23,93,147,147,135,184,178,241,214,62,80,149,198,45,23,273,136,151,189,87,194,143,172,215,101,142,91,112,164,181,58,103,163,144,113,232,101,64,29,149,190,131,149,170,155
139,118,78,93,95,118,132,156,96,87,63,84,178,182,151,49,105,151,83,72,126,65,89,166,54,181,97,67,23,194,100,-28,113,141,50,141,25,41,129,160,97,13,146,41,180,165,29,123,171,96,73,139,-60,193,32,169,94,153,36,38,158,87,68,87,108,87,143,128,121,81,107,49,181,142,105,119,77,81,187,156,-1,54,129,117,107,115,55,1,53,51,126,80,111,69,169,82,65,53,162,79,125,216,107,112,89,82,106,109,103,79,79,112,146,34,137,112,95,94,155,88,12,34,67,244,90,128,101,50
151,79,46,177,110,64,40,181,186,57,143,162,133,146,95,128,110,116,157,86,198,110,127,254,154,129,124,156,54,172,78,131,111,142,106,172,135,256,185,212,102,53,168,112,199,228,154,178,150,162,173,143,49,180,101,162,118,146,123,175,180,46,174,157,182,54,193,174,205,107,142,144,100,218,130,219,73,69,161,197,173,117,181,89,127,134,180,136,196,86,210,179,70,142,171,236,92,100,155,198,151,150,166,238,171,202,162,138,152,232,101,156,242,72,167,138,163,133,78,146,162,104,121,100,152,214,38,153
249,207,48,139,184,156,117,147,124,75,178,170,179,77,129,116,135,221,134,103,161,-33,161,136,72,137,238,155,80,170,69,99,105,196,185,246,171,136,157,172,163,100,171,146,193,48,181,125,69,205,128,63,116,105,166,103,92,161,140,114,122,120,-16,162,123,110,233,157,193,155,123,132,241,80,197,171,128,124,156,181,182,108,139,113,222,73,184,132,215,210,227,143,185,152,152,215,139,69,206,204,187,161,191,121,243,138,230,220,145,180,203,163,185,88,51,59,138,113,195,130,52,125,111,146,35,62,196,78
125,226,96,165,161,106,132,144,191,74,130,186,203,87,107,93,115,93,121,161,135,159,104,243,116,162,118,134,82,115,163,159,135,161,150,146,164,128,110,178,253,71,176,47,91,126,152,140,114,102,65,72,84,188,173,151,118,101,140,102,176,100,56,152,123,173,199,101,178,97,56,186,203,133,118,143,174,197,148,161,146,56,69,111,142,70,104,183,148,144,225,136,84,103,173,31,111,32,206,97,251,184,164,236,132,239,169,117,207,245,40,155,175,124,86,117,93,116,117,160,30,99,153,80,107,112,182,116
112,174,145,37,165,196,133,37,120,112,193,150,128,79,129,77,24,186,91,119,162,7,127,95,123,112,125,199,27,159,158,36,80,108,106,228,59,198,130,132,184,61,143,137,237,126,107,77,50,72,125,157,114,152,109,177,78,149,106,125,198,54,108,116,116,90,153,123,47,113,127,63,109,166,169,150,114,-14,170,200,164,53,176,14,159,101,65,80,125,210,194,200,166,123,164,137,65,119,122,109,157,149,91,192,125,167,201,149,136,155,64,167,185,90,166,183,119,213,153,153,71,106,127,189,131,152,12,149
53,137,85,133,167,162,153,176,142,141,183,78,137,127,98,57,107,153,160,80,158,168,165,195,41,165,140,155,92,157,203,135,87,194,196,168,185,213,199,195,167,89,183,18,179,252,178,70,170,177,219,154,96,88,134,135,247,158,147,110,239,104,158,169,100,230,211,152,124,53,122,149,199,20,216,107,148,63,168,173,209,137,127,123,178,164,183,156,163,209,166,174,175,122,165,160,161,57,159,147,87,225,165,293,196,164,149,160,185,229,71,122,177,129,161,149,76,156,206,156,86,115,145,160,31,148,91,196
283,188,84,101,171,141,246,227,232,54,164,162,182,171,150,80,71,258,77,82,136,126,158,164,107,132,113,108,80,170,157,117,145,107,188,210,91,176,98,50,131,61,227,31,192,102,164,187,105,104,60,210,225,178,138,159,65,139,234,211,165,10,38,101,175,155,157,118,163,146,172,114,168,147,188,172,94,106,107,178,160,97,83,152,134,154,193,172,154,147,191,149,-6,181,121,147,62,28,173,128,144,199,125,158,112,155,145,170,127,206,164,162,152,163,85,138,187,150,83,46,139,121,142,194,163,55,134,183
133,155,70,129,83,168,170,172,156,103,158,183,174,198,93,156,100,184,143,152,126,156,63,163,113,235,81,148,99,158,151,139,133,137,162,160,157,183,232,161,105,75,233,116,222,176,254,113,195,187,112,181,32,216,188,118,109,136,183,132,157,60,110,181,148,148,141,170,208,154,62,198,206,130,118,242,140,188,228,179,192,133,70,170,162,134,115,108,122,145,226,147,134,187,160,86,130,103,140,174,220,210,186,242,156,128,235,204,155,225,159,165,203,-15,168,60,166,113,171,134,109,68,126,157,218,163,146,109
148,186,85,167,62,140,70,120,202,108,127,68,72,184,133,15,110,113,48,114,177,0,84,163,40,185,185,128,87,163,66,48,116,133,129,150,139,63,150,210,167,53,189,148,134,108,164,53,176,142,77,135,182,195,100,165,72,193,171,94,136,153,3,171,118,171,130,153,54,40,69,131,139,71,165,121,157,126,85,87,149,145,137,109,151,35,191,30,120,84,71,98,163,51,84,193,59,81,150,165,181,201,184,128,156,108,155,170,127,209,94,98,233,131,27,92,84,147,213,130,46,84,203,130,93,63,115,55
116,37,102,109,135,103,141,142,164,85,83,69,187,139,141,103,89,57,194,78,143,28,45,131,119,132,90,75,14,137,174,106,65,35,101,224,48,149,108,181,93,19,61,94,155,148,160,169,124,111,62,93,20,180,56,159,62,68,91,121,132,102,130,74,131,35,157,-3,191,134,122,77,89,153,95,74,13,55,158,115,117,55,116,105,144,58,101,186,73,118,111,63,147,122,114,68,91,55,121,77,80,150,50,211,144,94,89,42,95,173,114,66,194,108,156,65,54,87,146,142,63,88,-2,82,226,131,50,184
88,46,26,56,86,130,72,162,185,18,212,118,118,122,113,71,115,164,90,102,159,26,145,100,171,47,84,40,4,112,189,88,117,70,143,126,148,131,64,67,52,131,113,76,230,182,164,40,65,133,90,78,50,130,124,114,61,90,174,169,120,109,96,66,170,109,121,95,172,109,73,93,56,35,55,164,98,125,190,140,106,93,68,46,132,146,186,105,162,186,145,203,110,169,97,134,146,81,158,148,80,114,92,106,160,55,235,136,130,53,85,100,167,79,94,68,101,106,45,-6,105,56,43,115,74,94,69,63
83,180,41,88,174,69,139,135,127,179,112,144,119,154,99,36,106,153,34,156,85,87,116,90,76,35,121,138,110,39,87,78,169,124,135,131,49,204,154,60,137,133,134,143,98,91,154,142,125,36,120,150,98,156,70,203,195,192,171,66,139,-34,60,121,137,98,154,158,215,119,87,164,50,25,40,166,93,206,67,102,97,48,78,131,134,114,71,79,93,118,97,123,120,195,27,52,117,134,173,35,11,96,54,166,17,73,140,57,142,110,37,119,56,168,123,156,85,45,165,135,11,94,72,110,88,117,102,127
164,118,14,210,118,74,115,144,153,104,157,131,62,110,50,20,122,168,22,61,165,78,153,79,33,95,35,61,20,60,71,103,13,57,126,183,9,124,149,91,92,126,105,74,57,59,48,144,143,92,142,86,37,71,9,86,32,130,53,79,114,67,179,66,133,52,186,152,159,82,173,46,91,195,35,132,141,50,172,131,101,63,134,70,154,119,114,120,113,29,45,84,59,67,26,200,178,132,55,113,157,76,114,104,167,66,144,125,121,108,38,125,137,74,135,71,30,134,88,140,146,143,7,190,115,98,74,116
136,174,3,152,105,75,68,128,99,24,95,41,144,24,103,30,119,45,208,114,104,105,90,114,101,96,130,89,88,169,120,60,147,183,43,133,57,85,90,173,167,10,156,141,76,186,179,32,157,67,46,99,48,131,123,120,116,126,96,101,157,84,70,153,72,118,79,90,85,56,57,68,73,47,124,170,135,107,70,51,74,82,113,84,89,149,65,12,138,116,170,68,167,133,191,82,81,140,172,83,108,101,125,190,131,72,206,91,117,145,3,150,146,60,72,80,29,53,116,32,68,2,92,175,149,138,41,104
215,152,62,166,216,196,54,127,125,48,188,107,165,67,159,-15,132,118,44,111,151,-19,103,57,69,98,136,109,143,241,123,52,218,179,82,103,-6,249,188,151,50,92,219,124,83,126,169,108,206,64,89,153,31,132,82,97,85,175,168,98,92,43,54,145,161,111,125,147,124,153,73,103,150,161,66,160,133,79,177,168,180,38,132,151,174,80,102,56,168,194,128,103,176,185,264,104,38,147,107,215,68,162,103,112,169,51,254,155,62,207,160,277,211,80,44,159,76,71,170,125,126,73,56,157,106,130,114,77
115,178,141,183,156,192,127,204,140,99,163,149,186,184,130,152,180,145,136,89,143,145,54,139,80,116,127,102,126,135,154,103,131,129,110,162,71,295,200,163,168,51,147,46,169,223,144,50,229,115,120,118,46,156,224,200,228,194,113,110,133,140,109,129,88,165,172,92,178,122,248,79,99,125,176,158,130,129,118,163,208,143,152,79,142,245,8,88,102,231,210,108,83,161,151,56,69,14,81,102,67,138,181,181,215,280,196,83,157,198,100,115,222,87,189,201,119,168,185,127,51,163,105,82,165,152,72,154
179,202,91,166,178,106,146,213,213,160,146,101,213,186,139,55,129,226,149,87,83,116,210,145,193,151,122,73,140,237,151,87,153,175,98,181,111,153,111,127,185,79,231,71,81,219,108,160,174,155,161,150,29,191,182,245,261,92,170,142,198,207,63,87,160,127,209,141,192,209,203,62,194,175,98,228,91,62,219,153,174,30,75,125,133,132,60,180,175,179,177,191,72,164,155,140,95,123,167,114,139,176,146,189,176,179,227,113,158,171,115,300,261,101,146,120,150,51,77,88,118,126,141,128,163,175,38,130
97,95,137,26,95,121,121,114,84,61,87,49,88,140,89,108,103,118,200,96,188,93,103,108,33,57,180,39,113,102,154,146,190,144,71,159,121,222,129,195,101,114,159,108,116,152,166,7,175,57,152,119,13,234,134,115,91,100,191,75,139,102,98,134,155,99,193,96,205,94,86,175,42,89,98,86,66,128,129,108,190,157,144,111,205,92,69,180,135,150,188,55,109,66,164,89,175,35,116,129,73,167,115,169,176,198,198,134,28,220,100,151,119,88,24,86,19,78,267,139,110,132,51,124,118,183,35,124
131,268,80,124,225,169,84,163,271,86,196,147,198,103,169,79,182,177,113,78,221,119,150,263,42,70,135,193,139,218,190,126,231,202,146,120,141,302,104,194,182,55,337,48,180,168,194,127,127,168,153,184,163,244,100,218,209,130,280,137,199,62,142,157,213,242,183,165,164,88,286,147,108,189,164,182,233,133,93,167,201,137,186,132,186,194,162,120,208,185,205,181,99,123,310,122,17,-17,127,128,105,198,211,249,205,249,248,131,230,196,181,172,277,152,103,140,144,174,207,204,64,51,128,189,129,162,58,113
182,197,27,93,187,157,149,152,192,126,168,124,113,158,148,127,112,193,168,69,109,72,147,95,182,101,146,133,158,147,67,77,128,65,107,218,171,95,154,198,112,13,179,46,222,158,144,136,122,170,98,254,60,221,111,181,156,88,200,108,107,118,28,107,78,110,145,150,204,143,88,145,156,100,106,132,100,123,139,77,83,112,50,118,202,162,86,122,108,204,214,222,137,168,79,129,161,134,164,103,37,138,136,253,117,76,175,39,120,149,139,146,155,125,189,36,121,39,124,89,67,55,65,161,141,34,93,136
86,182,52,140,74,169,83,121,171,88,226,153,96,166,131,75,164,100,115,31,157,149,168,170,94,144,102,150,80,44,16,63,186,189,179,147,175,225,113,123,95,139,200,106,131,150,165,50,88,121,104,199,27,103,92,163,83,134,171,121,156,38,99,75,59,186,245,37,190,80,120,172,188,133,196,81,124,177,159,167,142,124,161,-6,225,107,216,193,169,159,187,127,136,146,96,128,137,79,155,97,202,253,189,147,181,130,198,98,93,187,111,145,221,75,108,140,159,150,200,39,133,28,152,108,182,28,112,111
41,122,40,122,89,159,112,154,70,14,170,127,131,52,66,124,61,158,48,114,105,123,238,146,104,118,92,189,56,182,30,71,51,135,202,200,60,79,105,87,112,9,173,115,80,49,134,69,101,42,114,90,-16,130,74,175,-16,85,37,52,186,21,89,111,6,65,108,121,87,56,95,83,125,111,155,94,108,148,131,140,112,63,73,36,199,105,124,150,133,122,189,112,157,94,111,147,177,159,188,93,127,174,126,199,93,56,162,78,137,144,52,135,114,25,80,123,63,133,137,114,53,86,126,142,110,147,101,13
87,210,125,140,128,167,77,142,112,-35,187,139,167,140,97,165,64,103,43,85,108,201,93,155,93,51,101,118,120,226,87,132,137,129,50,164,67,123,113,167,72,46,216,142,124,218,149,34,115,50,72,69,67,193,4,175,72,82,136,95,182,19,80,137,111,90,120,175,24,-22,136,88,126,67,216,71,150,113,63,81,44,72,92,124,179,59,100,78,223,98,134,117,95,59,155,105,96,79,110,118,95,159,134,164,97,114,195,97,78,196,98,71,103,71,103,129,88,186,128,143,16,24,88,138,104,65,66,55
168,173,33,89,47,40,126,114,222,123,130,36,80,72,133,77,144,161,103,125,111,45,128,241,145,45,111,135,107,123,144,181,183,148,147,156,110,124,102,138,158,108,244,54,-21,51,143,83,212,151,81,141,60,142,91,114,13,63,239,59,136,14,135,27,136,116,196,193,17,115,104,157,105,148,18,156,64,166,131,142,124,95,85,59,157,119,115,70,135,89,242,61,105,124,132,202,140,83,104,68,40,141,98,66,96,79,133,186,80,136,126,108,246,101,58,91,137,101,52,68,155,63,5,192,170,98,110,75
152,169,25,43,90,112,5,137,184,113,183,134,133,16,162,10,85,61,49,48,81,24,139,93,110,95,90,80,101,122,76,92,142,130,107,70,111,156,105,122,139,32,191,101,136,174,88,95,83,90,96,117,94,107,53,159,102,121,263,172,68,52,44,114,86,230,127,93,93,83,120,114,129,142,121,209,197,96,115,115,169,31,124,61,33,100,96,68,83,109,63,130,81,135,144,158,91,67,58,72,98,134,123,101,235,156,195,112,104,80,46,139,197,109,93,92,111,117,120,61,57,30,51,209,170,92,32,66
155,129,111,98,163,236,81,80,100,105,177,48,202,71,73,46,162,71,115,53,130,66,52,117,96,96,99,115,82,105,56,61,116,218,114,93,145,130,121,248,123,91,206,107,55,115,153,51,183,78,42,168,35,175,120,105,97,124,88,-17,127,30,38,56,155,70,189,153,75,141,8,126,122,41,152,42,136,30,113,110,139,60,132,65,136,119,70,16,158,144,161,139,150,26,203,83,97,68,158,138,61,185,85,176,147,117,112,149,49,125,89,27,198,91,125,43,24,79,171,72,38,26,134,119,77,48,60,133
161,185,60,107,151,134,171,78,209,138,109,47,107,46,50,116,34,182,94,104,204,118,137,72,205,49,76,180,126,66,184,184,143,212,225,222,107,152,123,87,168,60,215,214,163,113,214,140,144,134,60,139,75,167,75,83,106,82,115,177,164,53,126,-42,199,126,293,120,138,155,43,174,80,140,72,172,81,126,121,219,144,-2,75,117,161,138,91,109,188,202,152,231,154,139,44,180,173,136,209,82,76,143,82,198,225,96,323,169,76,190,111,270,258,101,117,75,95,91,72,93,106,40,69,201,82,178,35,181
183,193,168,54,91,142,40,138,83,124,114,148,150,159,131,75,42,216,51,65,106,141,80,119,65,156,125,64,103,138,62,93,139,169,79,183,73,144,157,70,56,104,168,9,121,77,116,78,122,118,90,157,115,121,23,128,135,151,131,120,46,52,110,117,121,97,198,111,117,54,92,133,149,19,124,134,90,79,185,108,121,119,110,105,109,86,104,77,60,173,137,147,74,113,149,52,42,102,88,142,76,133,154,114,83,114,155,144,145,201,135,209,143,70,93,178,152,155,79,31,102,114,165,97,122,129,92,94
283,66,44,108,149,100,143,127,177,148,241,64,91,129,45,120,88,197,92,132,152,71,251,171,134,154,61,176,188,175,146,107,149,159,142,224,95,165,169,94,98,77,263,172,192,188,192,222,200,174,118,256,94,179,82,113,85,17,178,103,105,107,133,148,174,70,205,150,162,155,91,202,142,189,181,139,104,74,203,231,180,-15,156,146,318,175,167,214,111,170,203,165,155,72,184,186,116,179,167,263,126,166,182,169,192,84,266,192,173,214,152,235,187,80,54,25,149,87,189,75,100,74,40,167,145,160,49,124
102,96,118,174,142,118,128,165,155,89,179,112,164,164,84,101,103,161,20,65,191,98,58,151,81,100,148,79,52,107,115,82,114,121,109,190,138,177,217,139,73,143,169,55,248,174,165,122,139,123,125,184,31,167,126,118,142,111,200,-18,97,108,92,82,231,85,189,132,159,98,35,155,98,133,86,151,159,179,161,144,119,125,159,111,182,196,107,111,62,140,207,133,3,135,118,142,202,38,148,103,120,52,161,191,140,114,147,159,23,222,110,62,116,61,171,10,75,99,173,121,-51,162,27,159,23,70,106,143
83,144,124,109,173,193,168,92,104,59,148,37,158,58,140,26,165,115,100,136,170,-10,77,170,96,143,195,188,109,93,58,80,225,135,80,200,69,170,223,194,128,89,140,149,194,147,149,98,95,143,55,115,118,228,103,175,-10,134,139,160,178,106,40,123,140,63,135,165,128,122,127,90,191,116,54,156,145,127,205,226,35,25,168,103,212,61,164,108,168,117,131,113,106,157,234,118,66,94,199,119,146,199,75,181,121,85,151,188,103,178,94,177,150,51,110,152,76,139,183,153,29,112,102,116,98,108,162,80
199,110,65,60,136,137,77,95,99,113,130,121,45,38,106,63,181,79,82,80,46,16,160,131,80,115,39,37,47,77,54,118,47,149,21,63,61,202,14,115,90,5,13,47,57,60,142,103,168,32,150,142,53,97,139,111,86,44,40,123,143,55,25,127,68,4,77,111,159,122,92,101,59,45,114,71,76,58,123,122,148,82,67,13,147,37,82,104,58,209,213,51,122,174,99,135,68,82,43,92,63,155,20,121,153,120,83,161,108,69,51,34,165,74,89,197,121,102,180,105,55,34,50,120,58,80,17,47
173,95,32,122,72,217,167,119,37,149,50,144,203,112,43,128,99,200,117,129,122,139,127,195,151,93,44,129,112,62,116,110,182,173,161,185,79,152,149,86,90,66,199,69,217,139,155,127,110,135,58,124,66,206,32,147,76,98,142,117,98,51,95,-18,43,137,153,174,188,145,78,213,141,131,109,68,97,116,114,205,107,42,48,130,185,199,28,119,217,162,137,122,12,11,131,78,120,79,178,59,56,174,113,152,133,152,191,117,176,101,132,151,151,34,88,90,88,102,119,115,126,73,120,116,194,46,60,167
193,110,160,67,79,170,96,122,154,101,139,281,157,68,145,146,87,183,112,162,137,117,138,193,92,121,82,128,34,87,165,18,55,165,140,148,76,52,66,100,157,26,102,-13,94,161,118,126,170,101,130,98,54,67,98,145,80,107,59,59,160,21,73,180,49,49,143,70,130,55,137,113,112,110,171,124,95,60,152,173,138,54,147,27,-25,76,30,113,39,126,176,147,21,87,122,87,34,21,72,116,80,156,88,139,149,107,87,150,179,129,123,138,251,70,119,179,172,191,72,111,43,86,74,110,178,107,66,162
-7,102,79,37,-8,99,123,105,33,4,51,38,167,59,-3,47,15,37,84,57,54,179,69,64,10,85,85,68,110,104,77,118,130,116,27,62,21,87,51,134,179,32,93,73,125,110,66,90,92,9,4,113,73,140,6,67,75,-6,137,99,103,39,105,62,107,97,89,51,72,44,125,30,138,128,90,101,65,119,62,54,35,6,108,142,12,73,81,6,194,23,103,74,36,26,109,-13,-22,29,123,48,115,102,108,115,90,35,118,103,65,140,107,82,-15,62,54,24,108,69,93,77,66,-1,77,116,62,81,136,90
92,141,36,77,143,207,49,142,139,37,127,84,108,44,72,70,40,76,145,107,126,5,38,83,106,63,181,159,130,112,157,164,131,129,161,140,106,110,57,56,113,18,142,59,150,77,124,48,150,166,86,169,55,126,0,158,5,110,204,157,181,60,61,87,21,87,84,61,104,81,128,162,145,56,198,187,204,83,206,50,148,-29,82,63,115,51,128,125,136,127,33,196,181,177,88,55,96,18,109,163,122,207,59,161,248,113,113,111,148,164,169,159,146,85,85,64,186,113,136,122,60,67,96,135,154,21,8,83
109,149,118,143,171,196,82,175,224,137,83,6,151,147,101,177,124,116,196,95,176,79,141,168,125,104,125,118,155,163,110,120,123,161,171,93,164,237,130,128,159,131,198,100,117,125,228,147,142,132,99,200,65,180,61,90,18,110,153,181,130,52,42,43,128,69,212,105,160,195,102,193,82,145,148,125,125,159,164,86,243,67,62,115,184,192,180,152,253,159,150,133,187,155,147,204,108,30,174,76,145,222,191,223,215,133,209,154,77,193,80,177,169,130,131,89,157,59,241,114,139,95,150,74,144,162,57,145
185,244,9,62,253,75,97,122,170,196,103,26,91,99,183,-8,156,116,172,70,132,46,139,167,103,139,212,159,183,108,73,74,178,123,98,92,96,263,101,142,118,132,146,54,90,133,158,214,104,96,129,174,73,192,165,144,195,132,231,113,110,98,61,34,75,154,232,0,190,172,191,111,168,130,42,181,99,72,94,175,141,92,108,63,126,161,124,131,148,191,137,117,116,238,141,101,123,120,102,107,119,205,146,164,177,227,158,93,205,214,152,347,219,158,56,142,125,50,239,99,57,61,109,226,97,162,131,139
134,177,66,95,136,145,123,192,185,133,201,94,95,72,74,55,100,142,130,23,124,161,93,102,150,46,76,155,149,148,126,95,91,135,111,163,155,154,89,157,104,-22,138,58,126,190,199,-19,89,131,115,102,19,92,148,197,85,56,139,90,141,60,41,72,89,180,178,109,123,140,210,133,118,51,164,64,136,156,169,185,102,140,95,74,195,174,129,165,101,40,172,164,124,104,160,133,127,51,187,96,53,156,124,188,183,48,189,107,125,119,104,134,200,111,87,90,126,139,177,35,115,80,105,17,83,113,98,93
192,234,80,156,157,50,213,185,194,109,148,219,171,181,151,106,129,187,191,146,197,151,218,168,109,104,81,257,102,161,159,120,16,72,192,189,93,262,164,132,133,192,144,94,164,151,202,188,148,100,98,130,168,139,208,189,100,117,170,183,126,50,148,243,216,108,273,106,237,205,227,156,180,231,54,183,153,108,206,263,114,117,196,101,212,172,102,232,130,196,174,159,127,185,149,179,213,32,137,161,226,179,140,238,181,223,185,243,184,163,158,293,170,86,121,140,209,119,140,145,158,223,186,170,217,199,210,154
128,151,136,111,160,166,178,172,150,150,192,152,205,146,76,145,159,146,147,160,241,114,148,189,105,107,35,158,28,167,114,110,153,229,120,175,148,212,199,188,181,99,191,78,162,204,137,70,105,150,178,154,42,229,127,76,96,136,91,93,118,89,200,87,95,139,213,139,170,97,103,122,26,178,116,123,107,117,136,208,169,211,101,19,221,94,73,130,182,201,312,196,130,116,236,124,138,65,201,126,123,184,122,174,92,200,283,118,102,226,61,147,195,91,141,160,69,148,84,110,117,123,65,114,83,132,86,163
104,109,95,125,169,139,184,177,152,88,101,115,43,131,109,9,134,96,23,133,184,63,128,170,122,108,92,142,7,111,56,154,85,236,124,144,112,149,87,149,201,77,169,98,34,53,186,112,109,100,124,123,102,181,104,99,59,106,45,162,135,36,137,137,75,-8,121,129,133,177,97,54,43,122,96,179,132,100,131,61,46,120,16,38,173,96,146,95,164,156,206,196,102,141,198,163,96,129,134,120,122,253,-3,108,100,85,139,78,44,154,115,105,133,63,105,246,128,42,123,18,116,118,80,133,74,18,68,177
129,30,-60,80,128,82,120,137,168,54,121,93,81,102,103,-19,54,54,84,46,161,67,148,62,84,92,94,150,112,58,130,27,91,118,54,72,70,87,34,74,83,120,111,81,21,86,219,106,120,9,68,100,65,60,92,125,34,115,126,41,46,-12,35,61,157,109,209,50,117,101,89,168,186,110,82,125,84,83,132,48,44,91,127,47,160,109,127,138,161,45,78,10,72,57,68,114,58,48,126,158,154,69,104,20,163,134,49,126,143,108,51,142,86,108,40,66,61,39,129,28,71,7,93,69,81,96,167,87
114,152,54,131,106,89,118,100,212,230,122,89,128,153,86,173,76,185,100,59,117,67,179,111,158,92,5,47,177,220,99,51,88,79,113,152,117,227,143,155,84,51,203,53,124,160,107,110,203,82,118,221,-32,165,83,72,97,71,116,35,123,77,186,114,144,68,149,92,217,75,129,108,24,162,9,66,128,162,110,136,230,91,97,145,118,153,66,159,15,113,164,94,121,81,118,119,120,79,131,37,59,86,131,156,70,96,258,73,94,150,91,121,249,100,41,1,79,52,180,95,90,127,94,153,118,207,84,10
215,201,71,84,110,143,153,196,173,91,111,66,97,88,51,66,109,196,87,68,181,63,60,114,17,43,94,101,128,166,121,77,83,145,112,235,92,125,185,106,149,46,161,78,179,115,87,33,184,157,92,134,56,178,112,84,60,94,145,53,84,116,84,33,85,134,185,53,136,164,84,181,131,145,154,51,115,136,171,126,44,126,134,143,212,140,89,105,160,160,172,124,108,90,202,105,82,107,153,56,173,219,131,112,150,127,193,143,90,148,111,181,150,-13,55,113,125,144,212,71,138,127,19,118,159,93,170,125
136,182,94,169,180,176,192,99,167,180,158,139,192,139,101,59,82,113,139,103,151,65,170,141,69,83,19,122,122,169,233,95,51,179,121,26,144,105,121,223,161,81,192,64,81,156,157,78,123,128,151,128,53,224,105,92,129,109,87,88,236,92,91,98,103,186,194,120,177,179,55,213,114,165,150,150,121,109,128,88,176,118,101,100,121,172,113,77,148,107,264,242,199,121,203,129,176,100,185,141,123,224,143,235,218,72,246,111,82,207,156,166,166,195,90,69,56,98,161,52,162,32,108,205,118,151,127,133
180,285,149,260,147,217,252,271,258,159,166,199,214,222,200,164,112,244,141,193,183,116,226,170,237,108,83,248,185,198,119,207,205,196,218,191,142,254,224,213,157,88,276,158,137,216,268,166,175,214,137,235,126,212,147,225,179,108,232,197,220,102,177,149,206,161,207,121,185,247,206,244,222,258,195,200,183,204,283,297,164,119,139,158,216,111,141,136,132,139,187,255,111,203,152,251,153,111,267,152,104,230,169,283,121,142,239,179,143,233,220,316,281,138,208,148,144,132,164,197,134,151,157,215,287,194,179,158
130,214,54,105,123,165,193,139,201,107,173,135,82,184,151,121,102,156,125,135,153,134,184,187,154,109,156,57,37,155,97,203,82,239,124,178,164,157,166,159,133,142,266,20,118,137,225,152,109,30,149,164,93,212,167,74,172,140,152,69,207,92,42,121,130,123,246,240,193,153,125,153,56,178,93,203,204,94,98,66,173,149,141,105,139,157,104,133,223,240,284,155,136,101,154,252,201,127,195,130,101,121,114,222,197,183,271,202,96,257,212,243,223,165,159,83,110,119,99,114,93,174,109,220,127,140,57,138
153,118,131,222,153,166,119,151,186,42,210,163,140,125,101,99,198,141,185,31,178,93,164,153,5,172,85,108,216,166,167,101,150,191,56,140,156,150,191,263,111,8,208,79,160,247,129,48,175,165,184,180,112,110,123,207,62,150,161,159,204,50,215,156,89,111,179,252,113,81,119,174,118,147,244,111,153,137,114,127,176,144,243,133,210,136,166,65,172,82,205,138,135,135,219,128,104,159,194,160,113,188,172,116,216,144,168,227,110,166,68,139,197,150,130,131,133,200,170,61,233,33,116,132,125,134,89,175
183,193,57,150,171,116,89,200,142,-6,145,104,125,107,119,46,79,143,19,104,174,32,117,134,25,118,88,226,105,177,134,105,23,105,173,173,102,185,172,118,97,64,143,152,113,108,113,65,134,117,172,130,61,129,102,108,53,125,136,73,193,52,68,170,81,101,144,104,117,152,126,112,123,145,135,198,171,135,202,146,122,76,83,47,145,144,122,89,58,120,112,144,75,137,149,152,96,93,147,105,135,132,109,185,174,154,187,174,162,118,61,76,152,23,91,30,64,152,209,122,78,121,89,196,99,103,150,37
96,155,34,53,102,88,82,101,142,125,-10,4,129,68,78,78,80,124,127,90,57,116,112,160,50,123,48,119,131,166,65,77,43,147,141,66,127,103,132,72,98,99,171,86,113,114,111,111,194,139,-6,103,49,146,49,108,53,38,119,135,79,45,36,110,103,56,142,76,147,152,97,122,106,92,142,107,172,118,77,70,130,-18,13,43,55,98,105,119,111,61,156,137,15,48,112,116,118,86,142,58,116,168,156,158,208,116,192,66,112,172,4,116,83,85,29,64,80,87,56,115,148,58,140,89,94,155,58,29
231,228,109,138,137,291,121,162,283,175,216,243,269,155,190,166,179,235,151,138,237,144,155,282,145,115,232,245,118,163,167,73,177,178,166,150,105,211,116,200,171,153,244,189,206,148,290,161,229,94,148,241,175,332,195,195,160,125,254,147,153,130,106,101,278,242,285,192,138,131,106,225,136,213,135,147,100,232,184,183,267,236,194,131,220,163,166,199,128,206,269,157,211,152,233,213,103,195,212,222,177,197,238,271,199,124,278,283,187,244,207,229,254,125,122,120,216,203,294,106,127,70,155,228,202,173,143,189
208,164,155,281,171,150,116,198,147,154,190,179,76,239,118,131,152,200,143,8,122,217,216,84,215,50,48,193,135,95,84,104,99,152,88,166,193,266,195,202,109,161,128,109,135,248,108,166,141,183,125,240,115,200,205,144,145,81,101,144,114,171,244,70,95,139,361,152,198,137,169,166,122,213,192,72,109,122,245,180,217,257,188,190,205,176,76,138,181,152,249,181,126,96,162,267,135,167,262,164,209,152,182,156,144,170,179,114,210,223,86,133,254,63,166,130,142,65,164,175,174,73,172,136,169,100,177,173
198,178,159,178,145,135,211,263,172,75,197,78,171,184,115,89,73,166,81,121,206,74,193,150,154,182,224,224,151,246,178,171,149,209,211,221,119,251,112,111,91,96,149,117,182,141,179,160,141,150,134,79,98,225,117,196,140,197,95,119,239,122,64,140,178,153,269,153,142,168,239,103,254,158,78,211,120,108,195,117,168,171,145,61,217,184,103,184,216,124,209,116,92,132,101,206,92,112,221,113,185,124,155,238,216,182,150,172,242,290,85,240,167,120,147,161,31,109,214,207,-15,145,145,167,123,298,120,149
194,55,1,54,98,67,94,55,58,63,187,113,139,132,128,141,134,168,52,98,191,-11,38,129,44,27,98,130,53,104,115,61,68,165,149,201,43,156,47,215,53,109,76,32,138,180,135,92,27,40,150,72,122,121,122,83,102,169,128,51,164,117,144,111,61,36,158,21,159,104,73,73,80,29,125,77,-18,103,105,218,94,139,114,44,63,168,111,90,52,179,142,128,48,142,125,63,18,32,104,56,32,80,83,98,151,82,186,118,101,77,182,156,143,50,68,129,114,117,103,50,32,20,-20,132,66,82,71,119
247,300,256,192,156,234,119,130,255,262,189,212,222,119,191,122,135,222,90,102,161,81,153,179,58,126,166,177,194,177,186,201,183,229,166,242,183,297,282,241,247,102,306,173,185,197,224,267,146,176,106,241,99,191,151,177,207,142,221,177,168,160,202,155,99,192,354,187,79,205,156,245,109,236,219,192,169,218,221,238,196,97,220,237,276,143,133,155,141,158,304,309,146,211,233,197,153,217,179,106,203,171,189,221,201,209,244,217,121,249,150,295,147,96,127,92,212,82,182,195,28,200,113,183,175,205,164,239
-24,105,32,21,96,148,8,51,98,63,106,29,63,113,87,69,169,98,98,51,95,83,65,103,37,202,127,105,80,162,7,105,53,77,50,89,17,109,101,195,102,7,48,53,119,126,141,70,99,95,78,140,0,131,97,149,107,34,62,117,64,83,144,71,-45,23,66,145,137,-37,122,65,43,50,153,5,48,32,115,42,105,52,191,31,143,36,173,90,158,88,121,68,91,57,85,53,29,40,153,74,60,117,79,89,157,80,152,58,109,123,39,108,143,69,88,95,60,185,107,55,83,15,86,80,23,171,26,146
223,205,73,174,187,88,157,203,187,117,130,88,190,216,164,129,108,207,186,139,133,94,133,217,121,65,89,193,213,178,126,94,103,151,165,136,44,222,175,219,216,149,198,41,98,230,167,185,122,145,169,148,159,270,107,110,109,61,155,172,183,43,167,131,183,119,253,144,288,198,209,163,155,214,91,162,70,144,137,181,178,65,183,189,125,168,104,113,152,140,118,106,77,107,187,115,136,78,215,129,110,233,164,207,139,149,214,134,122,150,183,249,288,160,108,114,112,118,202,133,196,156,128,156,198,173,191,184
90,103,48,147,128,201,122,123,163,12,140,188,76,105,46,145,52,131,116,123,10,63,173,102,80,75,111,177,110,105,75,88,98,161,115,154,88,89,131,169,148,135,218,73,127,137,141,46,56,38,101,188,35,85,94,222,11,112,151,64,191,10,116,88,55,29,145,155,153,144,71,132,168,102,104,186,102,90,128,142,117,-9,128,89,109,115,33,90,190,90,180,71,85,72,159,138,120,87,118,114,193,139,129,190,94,143,150,47,66,126,88,173,99,-22,139,111,122,98,111,74,65,76,112,173,173,79,118,123
