138.0 106.0 125.0 95.0 189.0 -9.0 179.0 60.0 138.0 147.0 83.0 78.0 123.0 74.0 21.0 63.0 -10.0 150.0 122.0 43.0 118.0 102.0 92.0 141.0 13.0 123.0 167.0 103.0 87.0 206.0 169.0 61.0 97.0 90.0 182.0 95.0 142.0 83.0 123.0 175.0 156.0 76.0 147.0 193.0 172.0 98.0 164.0 155.0 121.0 113.0 -18.0 69.0 16.0 186.0 41.0 67.0 137.0 95.0 128.0 178.0 141.0 135.0 80.0 103.0 131.0 68.0 121.0 137.0 73.0 156.0 105.0 180.0 175.0 92.0 194.0 96.0 142.0 38.0 57.0 160.0 61.0 105.0 210.0 44.0 79.0 146.0 2.0 121.0 61.0 92.0 163.0 138.0 166.0 151.0 105.0 101.0 106.0 176.0 32.0 70.0 
58.0 54.0 99.0 87.0 142.0 67.0 14.0 42.0 119.0 81.0 113.0 85.0 68.0 104.0 43.0 86.0 34.0 122.0 102.0 107.0 42.0 75.0 87.0 29.0 83.0 134.0 73.0 98.0 57.0 93.0 81.0 78.0 80.0 48.0 110.0 94.0 101.0 92.0 107.0 44.0 62.0 104.0 83.0 137.0 68.0 106.0 65.0 55.0 105.0 83.0 37.0 12.0 120.0 100.0 145.0 166.0 120.0 27.0 87.0 105.0 55.0 37.0 96.0 43.0 82.0 72.0 122.0 22.0 156.0 101.0 145.0 132.0 85.0 99.0 172.0 84.0 69.0 93.0 80.0 113.0 18.0 -14.0 115.0 100.0 49.0 142.0 101.0 109.0 66.0 90.0 70.0 74.0 120.0 57.0 74.0 106.0 120.0 131.0 124.0 123.0 
43.0 90.0 142.0 36.0 122.0 12.0 181.0 92.0 96.0 169.0 115.0 126.0 29.0 154.0 115.0 142.0 43.0 30.0 146.0 121.0 117.0 64.0 120.0 110.0 119.0 70.0 94.0 158.0 61.0 121.0 85.0 67.0 107.0 53.0 58.0 102.0 63.0 70.0 111.0 63.0 183.0 106.0 128.0 134.0 115.0 68.0 75.0 72.0 106.0 74.0 89.0 35.0 139.0 120.0 73.0 172.0 130.0 157.0 173.0 59.0 79.0 45.0 127.0 89.0 157.0 55.0 104.0 120.0 109.0 77.0 76.0 161.0 163.0 146.0 92.0 113.0 94.0 -6.0 93.0 86.0 92.0 62.0 119.0 81.0 124.0 218.0 119.0 192.0 173.0 24.0 92.0 137.0 64.0 154.0 70.0 36.0 154.0 145.0 145.0 163.0 
106.0 46.0 138.0 92.0 106.0 41.0 151.0 30.0 92.0 128.0 27.0 33.0 35.0 50.0 35.0 42.0 80.0 85.0 71.0 71.0 91.0 151.0 46.0 156.0 52.0 59.0 117.0 49.0 70.0 89.0 73.0 59.0 68.0 99.0 136.0 50.0 92.0 -19.0 34.0 162.0 76.0 1.0 86.0 85.0 33.0 103.0 56.0 141.0 80.0 77.0 75.0 31.0 -59.0 75.0 45.0 67.0 83.0 120.0 82.0 121.0 115.0 112.0 73.0 61.0 57.0 -22.0 81.0 159.0 64.0 115.0 118.0 57.0 82.0 52.0 71.0 125.0 123.0 62.0 65.0 152.0 139.0 101.0 132.0 50.0 31.0 51.0 69.0 131.0 61.0 118.0 120.0 44.0 127.0 90.0 79.0 50.0 80.0 31.0 58.0 6.0 
113.0 74.0 85.0 112.0 94.0 49.0 125.0 78.0 128.0 129.0 168.0 87.0 64.0 67.0 145.0 64.0 12.0 106.0 152.0 78.0 166.0 118.0 75.0 66.0 22.0 28.0 98.0 170.0 108.0 119.0 132.0 132.0 54.0 107.0 172.0 61.0 150.0 47.0 112.0 30.0 74.0 79.0 77.0 143.0 100.0 61.0 78.0 107.0 82.0 164.0 43.0 67.0 45.0 119.0 95.0 -5.0 124.0 85.0 107.0 93.0 128.0 93.0 131.0 137.0 71.0 28.0 69.0 191.0 94.0 75.0 23.0 148.0 211.0 91.0 155.0 120.0 95.0 47.0 26.0 42.0 45.0 21.0 39.0 100.0 107.0 157.0 108.0 125.0 79.0 98.0 108.0 133.0 158.0 21.0 92.0 168.0 82.0 86.0 78.0 110.0 
46.0 25.0 108.0 67.0 117.0 51.0 143.0 64.0 65.0 24.0 88.0 171.0 106.0 116.0 82.0 64.0 95.0 79.0 95.0 38.0 101.0 132.0 84.0 78.0 -19.0 31.0 119.0 119.0 24.0 77.0 17.0 85.0 94.0 26.0 144.0 52.0 115.0 70.0 37.0 70.0 88.0 15.0 113.0 55.0 52.0 93.0 82.0 75.0 41.0 67.0 46.0 104.0 9.0 193.0 36.0 78.0 67.0 141.0 170.0 121.0 31.0 109.0 68.0 118.0 59.0 -1.0 76.0 108.0 130.0 105.0 64.0 102.0 123.0 149.0 96.0 17.0 61.0 117.0 118.0 86.0 25.0 65.0 118.0 99.0 10.0 114.0 74.0 39.0 80.0 73.0 102.0 35.0 80.0 99.0 28.0 34.0 82.0 115.0 -10.0 115.0 
34.0 102.0 74.0 55.0 154.0 41.0 103.0 141.0 88.0 34.0 128.0 13.0 113.0 66.0 126.0 105.0 81.0 88.0 145.0 142.0 83.0 171.0 131.0 103.0 99.0 62.0 192.0 139.0 73.0 130.0 47.0 82.0 43.0 217.0 199.0 133.0 90.0 114.0 68.0 54.0 170.0 62.0 149.0 112.0 91.0 83.0 65.0 140.0 67.0 197.0 55.0 55.0 114.0 105.0 121.0 63.0 141.0 228.0 152.0 163.0 182.0 78.0 148.0 114.0 19.0 38.0 104.0 103.0 84.0 108.0 124.0 82.0 111.0 166.0 98.0 59.0 168.0 77.0 121.0 153.0 97.0 144.0 139.0 113.0 143.0 191.0 112.0 130.0 131.0 134.0 149.0 22.0 176.0 136.0 83.0 183.0 174.0 96.0 146.0 124.0 
90.0 102.0 110.0 121.0 125.0 113.0 101.0 170.0 170.0 55.0 158.0 115.0 90.0 79.0 110.0 5.0 9.0 85.0 93.0 56.0 77.0 157.0 115.0 124.0 139.0 205.0 19.0 141.0 82.0 76.0 56.0 60.0 105.0 173.0 196.0 79.0 76.0 26.0 121.0 157.0 121.0 37.0 112.0 135.0 98.0 178.0 8.0 76.0 47.0 117.0 43.0 59.0 128.0 190.0 75.0 90.0 159.0 52.0 61.0 100.0 166.0 132.0 123.0 56.0 109.0 50.0 117.0 118.0 53.0 99.0 141.0 158.0 204.0 89.0 -2.0 185.0 88.0 85.0 43.0 164.0 102.0 68.0 87.0 81.0 160.0 130.0 110.0 116.0 173.0 107.0 66.0 86.0 165.0 35.0 113.0 58.0 83.0 103.0 148.0 134.0 
68.0 92.0 121.0 53.0 135.0 116.0 127.0 53.0 143.0 116.0 110.0 96.0 76.0 62.0 106.0 80.0 33.0 91.0 142.0 167.0 73.0 126.0 143.0 117.0 117.0 149.0 79.0 181.0 64.0 161.0 -33.0 60.0 153.0 146.0 79.0 105.0 81.0 121.0 114.0 160.0 157.0 135.0 140.0 127.0 78.0 146.0 109.0 80.0 122.0 155.0 45.0 156.0 11.0 126.0 120.0 111.0 111.0 125.0 172.0 110.0 125.0 118.0 197.0 115.0 119.0 52.0 99.0 157.0 97.0 138.0 147.0 160.0 197.0 95.0 131.0 94.0 100.0 21.0 104.0 114.0 -13.0 116.0 123.0 23.0 60.0 144.0 74.0 119.0 147.0 -2.0 101.0 86.0 146.0 154.0 91.0 58.0 110.0 60.0 29.0 157.0 
154.0 60.0 130.0 97.0 107.0 141.0 132.0 47.0 65.0 180.0 144.0 92.0 93.0 133.0 87.0 140.0 72.0 77.0 128.0 197.0 159.0 70.0 155.0 92.0 125.0 107.0 154.0 180.0 95.0 190.0 111.0 120.0 119.0 25.0 134.0 84.0 110.0 131.0 124.0 156.0 158.0 47.0 117.0 176.0 48.0 62.0 105.0 108.0 134.0 104.0 8.0 99.0 145.0 144.0 75.0 92.0 117.0 97.0 141.0 95.0 108.0 80.0 114.0 90.0 154.0 133.0 164.0 138.0 63.0 53.0 160.0 171.0 220.0 156.0 168.0 124.0 71.0 77.0 123.0 102.0 54.0 52.0 180.0 79.0 126.0 169.0 126.0 149.0 113.0 169.0 18.0 153.0 150.0 164.0 106.0 92.0 194.0 113.0 95.0 131.0 
112.0 90.0 110.0 163.0 127.0 57.0 124.0 123.0 120.0 82.0 194.0 95.0 80.0 64.0 152.0 151.0 106.0 126.0 129.0 140.0 78.0 136.0 51.0 49.0 116.0 140.0 121.0 207.0 74.0 181.0 81.0 114.0 90.0 71.0 165.0 67.0 138.0 194.0 84.0 66.0 257.0 76.0 119.0 173.0 139.0 40.0 136.0 126.0 95.0 161.0 85.0 134.0 61.0 126.0 176.0 200.0 46.0 169.0 214.0 137.0 109.0 83.0 179.0 66.0 147.0 109.0 190.0 64.0 183.0 238.0 129.0 175.0 202.0 172.0 172.0 137.0 65.0 143.0 125.0 122.0 57.0 74.0 142.0 149.0 71.0 185.0 97.0 188.0 76.0 201.0 146.0 115.0 118.0 94.0 50.0 157.0 170.0 167.0 135.0 134.0 
51.0 100.0 100.0 73.0 100.0 -8.0 66.0 137.0 110.0 170.0 40.0 99.0 124.0 109.0 67.0 133.0 -11.0 118.0 103.0 42.0 97.0 82.0 79.0 163.0 140.0 43.0 79.0 104.0 70.0 109.0 135.0 72.0 107.0 57.0 135.0 -15.0 174.0 70.0 130.0 46.0 221.0 29.0 66.0 83.0 135.0 65.0 115.0 -19.0 46.0 125.0 61.0 58.0 112.0 53.0 55.0 65.0 59.0 6.0 135.0 121.0 134.0 45.0 203.0 128.0 111.0 112.0 98.0 115.0 148.0 134.0 91.0 115.0 175.0 138.0 105.0 138.0 91.0 36.0 21.0 74.0 94.0 92.0 43.0 96.0 119.0 107.0 42.0 93.0 163.0 82.0 176.0 130.0 61.0 96.0 20.0 69.0 102.0 195.0 77.0 106.0 
19.0 80.0 107.0 118.0 101.0 75.0 115.0 139.0 46.0 86.0 115.0 132.0 67.0 52.0 97.0 -2.0 119.0 38.0 80.0 73.0 78.0 140.0 149.0 81.0 5.0 86.0 60.0 160.0 35.0 148.0 134.0 114.0 111.0 76.0 149.0 92.0 107.0 65.0 114.0 55.0 146.0 96.0 87.0 138.0 96.0 55.0 181.0 161.0 -26.0 75.0 25.0 148.0 17.0 104.0 129.0 9.0 33.0 33.0 166.0 115.0 38.0 37.0 143.0 29.0 110.0 89.0 14.0 60.0 65.0 188.0 125.0 199.0 133.0 129.0 145.0 172.0 69.0 57.0 73.0 49.0 33.0 57.0 53.0 160.0 123.0 145.0 31.0 55.0 131.0 132.0 58.0 118.0 103.0 83.0 112.0 85.0 167.0 67.0 112.0 81.0 
118.0 55.0 177.0 42.0 142.0 88.0 93.0 107.0 111.0 104.0 113.0 114.0 98.0 153.0 117.0 110.0 112.0 48.0 140.0 141.0 112.0 135.0 180.0 125.0 45.0 192.0 160.0 143.0 78.0 258.0 125.0 92.0 76.0 48.0 95.0 132.0 150.0 76.0 139.0 122.0 146.0 66.0 109.0 170.0 172.0 53.0 215.0 161.0 98.0 116.0 62.0 100.0 127.0 131.0 121.0 146.0 59.0 127.0 189.0 66.0 116.0 94.0 139.0 83.0 136.0 120.0 127.0 59.0 194.0 100.0 97.0 193.0 141.0 164.0 176.0 70.0 137.0 123.0 65.0 107.0 92.0 125.0 175.0 139.0 141.0 247.0 77.0 128.0 117.0 194.0 116.0 62.0 167.0 123.0 189.0 118.0 136.0 125.0 92.0 93.0 
15.0 90.0 49.0 -2.0 61.0 4.0 114.0 118.0 23.0 122.0 49.0 44.0 82.0 111.0 110.0 48.0 101.0 34.0 36.0 144.0 105.0 69.0 193.0 97.0 30.0 67.0 46.0 111.0 45.0 133.0 10.0 -5.0 104.0 56.0 56.0 144.0 51.0 56.0 17.0 27.0 97.0 93.0 70.0 137.0 55.0 84.0 108.0 164.0 98.0 137.0 84.0 75.0 37.0 91.0 140.0 66.0 87.0 117.0 139.0 -18.0 -56.0 51.0 85.0 -21.0 106.0 -9.0 46.0 57.0 21.0 -16.0 50.0 77.0 12.0 147.0 4.0 113.0 143.0 116.0 138.0 34.0 33.0 107.0 31.0 97.0 71.0 164.0 84.0 78.0 37.0 21.0 -10.0 100.0 17.0 72.0 101.0 72.0 122.0 147.0 103.0 69.0 
90.0 49.0 106.0 21.0 116.0 11.0 73.0 132.0 142.0 147.0 124.0 85.0 134.0 129.0 18.0 61.0 36.0 137.0 180.0 93.0 184.0 105.0 84.0 145.0 147.0 155.0 112.0 143.0 26.0 160.0 73.0 76.0 126.0 74.0 195.0 125.0 127.0 80.0 99.0 103.0 149.0 30.0 192.0 138.0 106.0 103.0 190.0 135.0 55.0 109.0 72.0 33.0 123.0 117.0 80.0 92.0 20.0 53.0 209.0 175.0 135.0 62.0 146.0 118.0 123.0 71.0 36.0 167.0 176.0 106.0 74.0 142.0 169.0 125.0 137.0 185.0 111.0 116.0 112.0 99.0 138.0 145.0 148.0 73.0 110.0 188.0 18.0 157.0 121.0 73.0 105.0 110.0 171.0 189.0 93.0 72.0 131.0 121.0 65.0 110.0 
80.0 14.0 144.0 113.0 137.0 10.0 120.0 152.0 168.0 128.0 110.0 136.0 105.0 -36.0 137.0 73.0 50.0 142.0 108.0 73.0 171.0 198.0 62.0 111.0 9.0 123.0 87.0 211.0 121.0 185.0 167.0 48.0 88.0 164.0 242.0 30.0 185.0 100.0 161.0 56.0 132.0 81.0 114.0 101.0 106.0 99.0 92.0 193.0 69.0 158.0 134.0 114.0 51.0 92.0 50.0 45.0 112.0 83.0 91.0 107.0 51.0 4.0 115.0 146.0 117.0 68.0 31.0 165.0 39.0 219.0 101.0 199.0 164.0 97.0 116.0 201.0 188.0 119.0 80.0 139.0 32.0 105.0 166.0 122.0 147.0 129.0 151.0 73.0 72.0 186.0 192.0 96.0 139.0 23.0 86.0 91.0 111.0 117.0 111.0 75.0 
98.0 120.0 61.0 119.0 109.0 86.0 82.0 67.0 50.0 84.0 8.0 97.0 81.0 98.0 70.0 45.0 86.0 99.0 123.0 142.0 75.0 160.0 97.0 110.0 99.0 119.0 129.0 88.0 149.0 207.0 162.0 47.0 146.0 79.0 153.0 113.0 115.0 125.0 111.0 84.0 136.0 54.0 55.0 116.0 156.0 56.0 169.0 111.0 81.0 158.0 68.0 171.0 30.0 123.0 63.0 75.0 77.0 48.0 143.0 99.0 30.0 18.0 107.0 77.0 129.0 42.0 82.0 71.0 47.0 134.0 -14.0 139.0 120.0 150.0 134.0 128.0 105.0 102.0 177.0 90.0 64.0 96.0 61.0 62.0 104.0 219.0 159.0 141.0 113.0 151.0 118.0 101.0 118.0 132.0 82.0 54.0 175.0 139.0 66.0 92.0 
130.0 136.0 102.0 67.0 48.0 115.0 62.0 118.0 109.0 119.0 66.0 26.0 45.0 171.0 52.0 133.0 16.0 83.0 153.0 157.0 77.0 79.0 120.0 85.0 138.0 132.0 84.0 138.0 59.0 121.0 35.0 39.0 80.0 2.0 55.0 58.0 217.0 124.0 101.0 129.0 203.0 40.0 91.0 129.0 139.0 101.0 139.0 146.0 135.0 112.0 61.0 78.0 59.0 122.0 69.0 114.0 59.0 27.0 182.0 54.0 140.0 110.0 135.0 59.0 111.0 115.0 211.0 47.0 195.0 56.0 79.0 148.0 88.0 153.0 124.0 78.0 90.0 98.0 50.0 41.0 106.0 43.0 116.0 37.0 78.0 107.0 94.0 109.0 105.0 101.0 64.0 44.0 94.0 184.0 171.0 110.0 117.0 73.0 97.0 93.0 
-55.0 72.0 102.0 70.0 57.0 10.0 123.0 101.0 48.0 89.0 114.0 76.0 134.0 60.0 92.0 57.0 6.0 131.0 86.0 88.0 75.0 111.0 121.0 48.0 121.0 81.0 111.0 110.0 67.0 103.0 27.0 26.0 70.0 99.0 59.0 155.0 73.0 81.0 45.0 0.0 129.0 45.0 105.0 84.0 43.0 37.0 85.0 77.0 -5.0 63.0 33.0 25.0 128.0 102.0 102.0 92.0 47.0 42.0 154.0 139.0 80.0 119.0 123.0 84.0 83.0 80.0 75.0 105.0 132.0 116.0 182.0 58.0 118.0 153.0 99.0 150.0 124.0 77.0 81.0 88.0 21.0 75.0 202.0 108.0 103.0 145.0 33.0 93.0 80.0 75.0 76.0 94.0 61.0 76.0 44.0 101.0 99.0 173.0 131.0 91.0 
-22.0 103.0 58.0 -13.0 42.0 -38.0 83.0 60.0 69.0 58.0 100.0 -6.0 66.0 46.0 49.0 108.0 34.0 36.0 29.0 65.0 1.0 147.0 87.0 134.0 170.0 8.0 37.0 19.0 49.0 91.0 57.0 31.0 43.0 118.0 22.0 104.0 20.0 18.0 45.0 49.0 138.0 48.0 35.0 117.0 55.0 59.0 113.0 64.0 57.0 154.0 -17.0 13.0 39.0 109.0 111.0 91.0 122.0 153.0 140.0 102.0 140.0 122.0 99.0 -3.0 22.0 17.0 102.0 55.0 103.0 57.0 126.0 8.0 90.0 91.0 58.0 46.0 41.0 -2.0 62.0 4.0 37.0 89.0 103.0 47.0 124.0 61.0 85.0 33.0 64.0 9.0 27.0 52.0 80.0 34.0 74.0 84.0 -20.0 164.0 117.0 79.0 
124.0 82.0 95.0 87.0 134.0 -4.0 164.0 38.0 211.0 89.0 173.0 88.0 31.0 85.0 48.0 80.0 19.0 77.0 150.0 153.0 138.0 135.0 59.0 30.0 82.0 25.0 128.0 122.0 63.0 119.0 -34.0 2.0 29.0 25.0 163.0 30.0 93.0 69.0 115.0 66.0 188.0 -51.0 44.0 109.0 98.0 56.0 27.0 92.0 35.0 144.0 74.0 134.0 59.0 84.0 70.0 105.0 72.0 33.0 165.0 27.0 123.0 95.0 85.0 44.0 93.0 64.0 118.0 100.0 178.0 69.0 13.0 134.0 121.0 111.0 105.0 150.0 36.0 99.0 -8.0 96.0 64.0 60.0 122.0 72.0 22.0 166.0 102.0 39.0 51.0 107.0 177.0 128.0 129.0 77.0 72.0 124.0 26.0 93.0 68.0 72.0 
-34.0 34.0 88.0 121.0 174.0 22.0 116.0 72.0 81.0 89.0 80.0 105.0 64.0 106.0 152.0 84.0 31.0 44.0 178.0 145.0 75.0 58.0 103.0 51.0 70.0 133.0 69.0 73.0 17.0 157.0 78.0 -19.0 80.0 101.0 115.0 30.0 82.0 89.0 57.0 41.0 185.0 19.0 118.0 109.0 92.0 -9.0 110.0 -7.0 70.0 103.0 167.0 100.0 78.0 37.0 110.0 39.0 95.0 85.0 178.0 67.0 120.0 36.0 126.0 8.0 124.0 53.0 60.0 128.0 134.0 60.0 77.0 75.0 96.0 153.0 101.0 94.0 89.0 121.0 76.0 43.0 -48.0 115.0 97.0 93.0 113.0 184.0 109.0 139.0 34.0 144.0 175.0 105.0 56.0 118.0 119.0 90.0 63.0 129.0 25.0 92.0 
21.0 10.0 97.0 39.0 8.0 95.0 -15.0 110.0 70.0 109.0 -12.0 86.0 72.0 77.0 91.0 31.0 39.0 132.0 142.0 115.0 105.0 130.0 84.0 51.0 12.0 94.0 21.0 73.0 24.0 177.0 114.0 45.0 50.0 106.0 107.0 82.0 13.0 73.0 72.0 13.0 119.0 57.0 65.0 57.0 120.0 83.0 98.0 29.0 108.0 101.0 -6.0 15.0 118.0 51.0 84.0 102.0 124.0 64.0 61.0 135.0 71.0 -29.0 53.0 148.0 96.0 87.0 87.0 25.0 80.0 96.0 92.0 148.0 172.0 96.0 103.0 65.0 120.0 43.0 94.0 52.0 70.0 91.0 131.0 34.0 112.0 29.0 89.0 34.0 64.0 73.0 65.0 66.0 90.0 130.0 116.0 90.0 166.0 132.0 86.0 127.0 
-3.0 123.0 116.0 91.0 118.0 57.0 153.0 72.0 116.0 66.0 88.0 155.0 76.0 100.0 49.0 122.0 45.0 95.0 216.0 108.0 83.0 178.0 89.0 92.0 107.0 10.0 58.0 100.0 81.0 108.0 42.0 -3.0 82.0 123.0 175.0 37.0 105.0 48.0 135.0 43.0 147.0 94.0 27.0 121.0 66.0 89.0 79.0 122.0 54.0 138.0 23.0 69.0 70.0 185.0 114.0 93.0 161.0 106.0 196.0 159.0 173.0 151.0 125.0 53.0 119.0 44.0 112.0 136.0 116.0 132.0 101.0 51.0 154.0 166.0 123.0 41.0 84.0 118.0 72.0 94.0 31.0 56.0 122.0 108.0 123.0 91.0 81.0 91.0 108.0 118.0 71.0 80.0 158.0 140.0 66.0 112.0 63.0 49.0 142.0 159.0 
47.0 102.0 90.0 36.0 63.0 33.0 85.0 105.0 55.0 86.0 102.0 88.0 97.0 64.0 85.0 75.0 112.0 130.0 102.0 99.0 81.0 116.0 154.0 78.0 98.0 88.0 107.0 122.0 28.0 27.0 60.0 22.0 139.0 143.0 52.0 52.0 153.0 88.0 57.0 46.0 109.0 32.0 58.0 160.0 43.0 148.0 80.0 117.0 157.0 99.0 52.0 35.0 101.0 94.0 64.0 10.0 52.0 27.0 204.0 22.0 2.0 93.0 94.0 100.0 148.0 30.0 58.0 90.0 77.0 35.0 92.0 96.0 119.0 43.0 94.0 87.0 120.0 90.0 71.0 50.0 53.0 55.0 128.0 111.0 78.0 68.0 105.0 125.0 91.0 57.0 49.0 132.0 61.0 25.0 23.0 56.0 113.0 85.0 159.0 60.0 
102.0 165.0 129.0 36.0 116.0 71.0 174.0 92.0 115.0 44.0 145.0 132.0 67.0 104.0 109.0 201.0 19.0 103.0 186.0 105.0 147.0 132.0 136.0 72.0 128.0 127.0 130.0 170.0 103.0 142.0 43.0 12.0 54.0 57.0 187.0 75.0 103.0 76.0 207.0 113.0 178.0 35.0 67.0 149.0 101.0 81.0 167.0 174.0 41.0 156.0 54.0 95.0 49.0 185.0 95.0 95.0 51.0 59.0 195.0 120.0 167.0 126.0 155.0 87.0 170.0 65.0 98.0 145.0 156.0 153.0 91.0 195.0 163.0 104.0 151.0 32.0 111.0 133.0 47.0 94.0 70.0 133.0 129.0 130.0 141.0 191.0 107.0 162.0 175.0 82.0 100.0 108.0 134.0 153.0 86.0 93.0 99.0 93.0 107.0 119.0 
69.0 52.0 131.0 87.0 90.0 18.0 138.0 196.0 173.0 179.0 111.0 120.0 72.0 129.0 122.0 49.0 10.0 140.0 126.0 131.0 110.0 179.0 66.0 211.0 118.0 154.0 119.0 216.0 26.0 101.0 83.0 101.0 198.0 120.0 102.0 182.0 203.0 58.0 -4.0 117.0 204.0 88.0 95.0 171.0 181.0 91.0 180.0 159.0 160.0 128.0 92.0 129.0 -47.0 132.0 128.0 89.0 94.0 127.0 145.0 192.0 138.0 117.0 198.0 38.0 95.0 12.0 75.0 171.0 225.0 180.0 159.0 101.0 188.0 151.0 173.0 182.0 141.0 22.0 141.0 93.0 90.0 111.0 139.0 124.0 142.0 184.0 57.0 184.0 148.0 90.0 123.0 91.0 189.0 135.0 159.0 110.0 147.0 179.0 62.0 62.0 
84.0 134.0 92.0 63.0 92.0 88.0 95.0 122.0 15.0 90.0 172.0 134.0 42.0 122.0 65.0 114.0 23.0 87.0 156.0 107.0 103.0 198.0 98.0 51.0 67.0 63.0 104.0 116.0 126.0 206.0 92.0 106.0 85.0 70.0 164.0 56.0 95.0 64.0 73.0 49.0 164.0 28.0 66.0 158.0 97.0 69.0 101.0 46.0 95.0 67.0 29.0 123.0 97.0 154.0 128.0 35.0 41.0 75.0 221.0 96.0 117.0 74.0 158.0 61.0 96.0 35.0 181.0 73.0 70.0 78.0 110.0 130.0 183.0 167.0 216.0 193.0 29.0 147.0 157.0 88.0 72.0 73.0 147.0 117.0 153.0 115.0 71.0 137.0 145.0 133.0 72.0 142.0 123.0 92.0 -9.0 90.0 172.0 139.0 185.0 185.0 
8.0 129.0 105.0 96.0 51.0 -15.0 187.0 89.0 105.0 72.0 75.0 107.0 87.0 50.0 103.0 61.0 69.0 85.0 111.0 58.0 146.0 197.0 110.0 112.0 47.0 94.0 55.0 187.0 49.0 113.0 62.0 14.0 37.0 83.0 69.0 67.0 113.0 36.0 113.0 58.0 90.0 127.0 98.0 47.0 112.0 79.0 79.0 170.0 84.0 120.0 53.0 96.0 54.0 76.0 126.0 13.0 140.0 80.0 129.0 40.0 52.0 116.0 150.0 82.0 156.0 55.0 58.0 119.0 64.0 149.0 71.0 141.0 132.0 130.0 105.0 87.0 140.0 119.0 63.0 0.0 30.0 123.0 141.0 122.0 75.0 156.0 41.0 64.0 124.0 49.0 73.0 23.0 88.0 108.0 68.0 143.0 115.0 92.0 77.0 100.0 
135.0 92.0 198.0 157.0 279.0 74.0 173.0 161.0 133.0 159.0 177.0 106.0 158.0 135.0 136.0 162.0 170.0 106.0 198.0 199.0 152.0 184.0 203.0 165.0 126.0 175.0 166.0 170.0 94.0 273.0 148.0 39.0 172.0 160.0 269.0 48.0 197.0 190.0 195.0 114.0 327.0 69.0 141.0 173.0 148.0 62.0 180.0 122.0 31.0 154.0 83.0 151.0 94.0 219.0 125.0 97.0 159.0 166.0 223.0 176.0 225.0 77.0 205.0 108.0 214.0 76.0 132.0 154.0 138.0 195.0 154.0 168.0 230.0 193.0 156.0 115.0 183.0 150.0 130.0 173.0 74.0 170.0 195.0 152.0 228.0 177.0 89.0 205.0 112.0 231.0 151.0 88.0 173.0 162.0 157.0 159.0 187.0 154.0 134.0 190.0 
48.0 64.0 16.0 23.0 130.0 134.0 158.0 161.0 143.0 42.0 158.0 87.0 50.0 116.0 123.0 109.0 99.0 14.0 125.0 148.0 135.0 135.0 165.0 132.0 45.0 133.0 130.0 185.0 68.0 166.0 98.0 65.0 112.0 86.0 76.0 69.0 153.0 53.0 109.0 113.0 187.0 90.0 193.0 241.0 105.0 96.0 147.0 147.0 113.0 142.0 107.0 101.0 28.0 82.0 154.0 92.0 135.0 78.0 216.0 86.0 118.0 65.0 142.0 61.0 108.0 82.0 67.0 60.0 197.0 170.0 45.0 156.0 194.0 116.0 217.0 103.0 153.0 78.0 104.0 89.0 39.0 107.0 135.0 137.0 142.0 181.0 12.0 167.0 133.0 39.0 128.0 111.0 134.0 215.0 141.0 81.0 227.0 112.0 83.0 146.0 
58.0 57.0 118.0 140.0 114.0 50.0 95.0 75.0 60.0 165.0 142.0 29.0 98.0 100.0 100.0 19.0 3.0 111.0 61.0 40.0 61.0 36.0 77.0 114.0 71.0 85.0 47.0 171.0 49.0 47.0 89.0 50.0 76.0 44.0 185.0 17.0 100.0 139.0 51.0 29.0 132.0 98.0 109.0 20.0 65.0 12.0 80.0 60.0 32.0 70.0 50.0 51.0 14.0 103.0 159.0 91.0 94.0 48.0 108.0 126.0 70.0 156.0 79.0 96.0 78.0 45.0 40.0 33.0 64.0 95.0 123.0 104.0 89.0 77.0 -9.0 143.0 53.0 12.0 85.0 93.0 52.0 24.0 120.0 52.0 131.0 118.0 34.0 183.0 62.0 80.0 102.0 95.0 9.0 56.0 35.0 120.0 83.0 134.0 139.0 119.0 
63.0 38.0 -19.0 61.0 80.0 56.0 54.0 137.0 73.0 56.0 113.0 25.0 86.0 151.0 119.0 97.0 67.0 67.0 70.0 102.0 79.0 36.0 59.0 94.0 101.0 63.0 92.0 74.0 27.0 130.0 75.0 86.0 46.0 63.0 151.0 15.0 118.0 61.0 132.0 98.0 37.0 4.0 106.0 66.0 53.0 76.0 113.0 58.0 58.0 61.0 87.0 -5.0 58.0 61.0 101.0 145.0 63.0 35.0 57.0 65.0 101.0 -5.0 95.0 102.0 68.0 2.0 40.0 77.0 121.0 88.0 141.0 134.0 71.0 89.0 131.0 69.0 51.0 40.0 75.0 -10.0 89.0 44.0 82.0 77.0 36.0 120.0 97.0 78.0 32.0 107.0 34.0 38.0 104.0 103.0 88.0 109.0 43.0 133.0 80.0 46.0 
20.0 53.0 132.0 66.0 39.0 14.0 90.0 109.0 97.0 76.0 91.0 102.0 110.0 123.0 56.0 8.0 -18.0 89.0 131.0 50.0 134.0 106.0 87.0 99.0 0.0 77.0 46.0 85.0 44.0 57.0 25.0 89.0 145.0 107.0 123.0 148.0 66.0 29.0 37.0 10.0 93.0 113.0 123.0 93.0 62.0 53.0 183.0 93.0 40.0 -24.0 13.0 57.0 99.0 154.0 89.0 6.0 23.0 3.0 132.0 157.0 82.0 172.0 76.0 94.0 138.0 72.0 112.0 108.0 190.0 25.0 97.0 76.0 80.0 122.0 114.0 64.0 35.0 51.0 18.0 131.0 72.0 22.0 118.0 50.0 64.0 199.0 7.0 64.0 75.0 8.0 144.0 147.0 40.0 89.0 78.0 87.0 58.0 81.0 33.0 112.0 
124.0 39.0 164.0 80.0 133.0 63.0 120.0 65.0 93.0 107.0 155.0 114.0 34.0 80.0 130.0 101.0 103.0 104.0 166.0 55.0 122.0 183.0 155.0 124.0 71.0 138.0 75.0 135.0 76.0 124.0 103.0 104.0 107.0 38.0 228.0 89.0 109.0 108.0 93.0 107.0 227.0 36.0 58.0 211.0 121.0 81.0 109.0 130.0 54.0 88.0 80.0 114.0 86.0 178.0 97.0 25.0 112.0 110.0 95.0 176.0 160.0 128.0 52.0 94.0 145.0 51.0 134.0 169.0 142.0 117.0 86.0 206.0 210.0 142.0 63.0 150.0 62.0 129.0 84.0 173.0 103.0 71.0 162.0 108.0 135.0 147.0 95.0 117.0 124.0 116.0 86.0 68.0 142.0 62.0 97.0 166.0 64.0 181.0 68.0 205.0 
75.0 123.0 172.0 65.0 129.0 99.0 164.0 109.0 206.0 83.0 119.0 96.0 145.0 118.0 32.0 61.0 75.0 104.0 150.0 167.0 135.0 172.0 204.0 163.0 155.0 114.0 61.0 172.0 155.0 182.0 88.0 91.0 124.0 125.0 90.0 172.0 110.0 127.0 141.0 21.0 174.0 47.0 77.0 172.0 147.0 104.0 155.0 142.0 109.0 202.0 48.0 130.0 166.0 115.0 183.0 52.0 135.0 108.0 237.0 159.0 156.0 180.0 144.0 81.0 133.0 168.0 136.0 166.0 139.0 109.0 122.0 148.0 163.0 197.0 98.0 106.0 165.0 149.0 53.0 117.0 36.0 126.0 193.0 93.0 131.0 247.0 122.0 179.0 183.0 88.0 123.0 146.0 175.0 203.0 86.0 113.0 131.0 162.0 124.0 213.0 
39.0 158.0 78.0 42.0 86.0 132.0 140.0 100.0 96.0 55.0 110.0 89.0 183.0 92.0 160.0 116.0 65.0 68.0 87.0 91.0 85.0 206.0 131.0 111.0 43.0 43.0 115.0 95.0 38.0 148.0 88.0 57.0 74.0 136.0 60.0 97.0 65.0 56.0 140.0 69.0 155.0 72.0 81.0 113.0 92.0 106.0 155.0 70.0 51.0 109.0 125.0 116.0 138.0 219.0 135.0 113.0 99.0 154.0 218.0 101.0 139.0 84.0 123.0 33.0 258.0 -10.0 107.0 100.0 174.0 135.0 76.0 120.0 157.0 137.0 190.0 117.0 100.0 158.0 72.0 111.0 126.0 116.0 102.0 112.0 144.0 167.0 68.0 93.0 115.0 140.0 169.0 165.0 163.0 114.0 75.0 61.0 157.0 110.0 21.0 123.0 
92.0 53.0 138.0 95.0 35.0 66.0 122.0 111.0 63.0 117.0 79.0 144.0 15.0 50.0 62.0 87.0 46.0 92.0 203.0 121.0 71.0 107.0 144.0 166.0 73.0 82.0 19.0 61.0 103.0 157.0 50.0 50.0 109.0 45.0 97.0 124.0 108.0 27.0 17.0 43.0 228.0 89.0 49.0 69.0 96.0 62.0 74.0 22.0 89.0 60.0 46.0 83.0 31.0 126.0 -6.0 61.0 94.0 67.0 203.0 79.0 118.0 65.0 107.0 17.0 125.0 61.0 63.0 106.0 58.0 79.0 135.0 94.0 111.0 169.0 147.0 137.0 61.0 110.0 127.0 76.0 56.0 21.0 146.0 80.0 97.0 117.0 56.0 127.0 113.0 92.0 31.0 97.0 121.0 179.0 74.0 126.0 149.0 123.0 89.0 145.0 
103.0 87.0 93.0 72.0 70.0 58.0 197.0 91.0 135.0 118.0 161.0 141.0 54.0 125.0 101.0 117.0 58.0 78.0 150.0 87.0 113.0 155.0 134.0 72.0 47.0 59.0 151.0 136.0 88.0 187.0 76.0 56.0 50.0 54.0 163.0 61.0 135.0 63.0 47.0 63.0 159.0 32.0 87.0 167.0 122.0 51.0 95.0 136.0 166.0 86.0 37.0 86.0 90.0 161.0 158.0 110.0 134.0 177.0 165.0 166.0 148.0 133.0 98.0 39.0 143.0 103.0 102.0 46.0 113.0 160.0 75.0 196.0 213.0 139.0 90.0 163.0 139.0 146.0 87.0 46.0 76.0 114.0 203.0 45.0 101.0 143.0 29.0 201.0 64.0 165.0 53.0 79.0 102.0 161.0 59.0 84.0 137.0 89.0 178.0 167.0 
66.0 73.0 118.0 58.0 152.0 62.0 105.0 85.0 99.0 92.0 173.0 76.0 62.0 88.0 88.0 114.0 45.0 2.0 182.0 67.0 64.0 172.0 126.0 68.0 55.0 110.0 182.0 141.0 80.0 234.0 110.0 31.0 125.0 130.0 175.0 73.0 186.0 78.0 109.0 71.0 147.0 106.0 58.0 116.0 154.0 30.0 105.0 140.0 170.0 120.0 71.0 146.0 122.0 133.0 164.0 151.0 172.0 146.0 155.0 68.0 184.0 106.0 95.0 48.0 141.0 101.0 124.0 79.0 136.0 140.0 105.0 162.0 164.0 73.0 113.0 168.0 179.0 103.0 54.0 121.0 160.0 122.0 180.0 57.0 107.0 139.0 104.0 99.0 54.0 139.0 186.0 42.0 144.0 169.0 85.0 88.0 146.0 171.0 183.0 180.0 
18.0 69.0 96.0 73.0 111.0 32.0 105.0 153.0 62.0 72.0 118.0 50.0 117.0 120.0 66.0 130.0 4.0 117.0 169.0 139.0 107.0 137.0 87.0 82.0 175.0 67.0 98.0 163.0 -1.0 114.0 -4.0 -22.0 109.0 86.0 204.0 88.0 187.0 20.0 111.0 71.0 189.0 76.0 7.0 102.0 87.0 84.0 111.0 142.0 140.0 128.0 130.0 59.0 99.0 147.0 151.0 66.0 99.0 69.0 153.0 158.0 149.0 23.0 141.0 32.0 182.0 65.0 100.0 195.0 174.0 137.0 109.0 94.0 160.0 144.0 162.0 80.0 177.0 125.0 104.0 116.0 60.0 136.0 138.0 110.0 132.0 209.0 145.0 145.0 93.0 115.0 100.0 123.0 132.0 157.0 55.0 131.0 132.0 146.0 108.0 112.0 
131.0 132.0 63.0 120.0 38.0 11.0 96.0 69.0 135.0 124.0 178.0 48.0 40.0 106.0 143.0 52.0 19.0 118.0 140.0 68.0 102.0 167.0 143.0 108.0 177.0 156.0 123.0 99.0 118.0 119.0 114.0 56.0 87.0 65.0 109.0 111.0 92.0 106.0 77.0 75.0 170.0 -2.0 72.0 171.0 149.0 83.0 142.0 94.0 83.0 115.0 -2.0 73.0 118.0 107.0 56.0 126.0 85.0 57.0 90.0 147.0 115.0 133.0 97.0 74.0 125.0 113.0 160.0 168.0 151.0 145.0 100.0 103.0 141.0 114.0 105.0 154.0 121.0 80.0 80.0 146.0 117.0 38.0 135.0 98.0 101.0 120.0 72.0 183.0 157.0 24.0 50.0 150.0 168.0 57.0 94.0 83.0 111.0 117.0 108.0 41.0 
62.0 137.0 117.0 153.0 106.0 89.0 125.0 151.0 131.0 126.0 201.0 50.0 103.0 76.0 192.0 107.0 76.0 159.0 197.0 154.0 123.0 66.0 51.0 38.0 101.0 98.0 142.0 245.0 78.0 199.0 46.0 22.0 85.0 69.0 156.0 97.0 170.0 192.0 137.0 109.0 214.0 57.0 177.0 151.0 120.0 98.0 154.0 168.0 54.0 145.0 107.0 128.0 83.0 156.0 48.0 69.0 36.0 61.0 162.0 110.0 64.0 141.0 126.0 144.0 106.0 72.0 168.0 203.0 73.0 83.0 80.0 153.0 162.0 193.0 166.0 154.0 102.0 94.0 71.0 102.0 26.0 97.0 100.0 63.0 72.0 189.0 125.0 137.0 90.0 136.0 153.0 78.0 118.0 141.0 99.0 130.0 74.0 55.0 20.0 98.0 
54.0 79.0 127.0 95.0 156.0 59.0 116.0 96.0 135.0 154.0 70.0 61.0 69.0 95.0 71.0 67.0 72.0 90.0 102.0 153.0 72.0 169.0 143.0 49.0 73.0 90.0 189.0 90.0 86.0 201.0 111.0 55.0 136.0 124.0 126.0 71.0 66.0 139.0 -36.0 24.0 239.0 27.0 120.0 232.0 145.0 87.0 200.0 117.0 100.0 217.0 113.0 100.0 132.0 140.0 147.0 86.0 155.0 101.0 223.0 142.0 52.0 58.0 129.0 43.0 88.0 26.0 110.0 39.0 237.0 138.0 79.0 108.0 128.0 193.0 131.0 125.0 145.0 122.0 167.0 78.0 64.0 71.0 199.0 30.0 110.0 200.0 131.0 87.0 22.0 153.0 155.0 153.0 160.0 104.0 158.0 77.0 124.0 267.0 112.0 137.0 
160.0 145.0 90.0 111.0 116.0 66.0 144.0 140.0 74.0 152.0 109.0 76.0 87.0 112.0 115.0 137.0 49.0 65.0 152.0 198.0 152.0 208.0 60.0 117.0 14.0 82.0 143.0 192.0 72.0 231.0 75.0 55.0 79.0 66.0 177.0 89.0 172.0 101.0 124.0 28.0 98.0 85.0 47.0 160.0 165.0 69.0 105.0 178.0 87.0 93.0 48.0 124.0 11.0 154.0 155.0 113.0 114.0 107.0 157.0 101.0 132.0 104.0 184.0 32.0 86.0 26.0 144.0 110.0 124.0 105.0 156.0 109.0 95.0 120.0 170.0 132.0 165.0 156.0 57.0 137.0 108.0 96.0 129.0 119.0 121.0 128.0 63.0 130.0 106.0 155.0 84.0 171.0 138.0 55.0 61.0 107.0 159.0 104.0 86.0 89.0 
37.0 97.0 89.0 73.0 152.0 71.0 137.0 125.0 115.0 83.0 94.0 117.0 93.0 141.0 91.0 119.0 71.0 106.0 99.0 116.0 99.0 126.0 94.0 78.0 91.0 123.0 87.0 123.0 47.0 146.0 16.0 69.0 119.0 80.0 143.0 183.0 27.0 49.0 83.0 59.0 119.0 117.0 86.0 196.0 130.0 132.0 185.0 91.0 91.0 131.0 60.0 22.0 38.0 186.0 77.0 115.0 94.0 129.0 88.0 155.0 67.0 137.0 80.0 -25.0 96.0 58.0 157.0 123.0 97.0 69.0 112.0 148.0 123.0 192.0 113.0 180.0 75.0 120.0 184.0 80.0 89.0 67.0 92.0 102.0 104.0 234.0 103.0 174.0 73.0 125.0 59.0 118.0 159.0 172.0 81.0 86.0 94.0 186.0 143.0 128.0 
94.0 19.0 98.0 53.0 148.0 60.0 104.0 150.0 97.0 11.0 126.0 53.0 183.0 96.0 97.0 72.0 81.0 122.0 122.0 111.0 141.0 152.0 120.0 112.0 80.0 40.0 97.0 112.0 120.0 142.0 52.0 153.0 91.0 72.0 190.0 115.0 178.0 145.0 117.0 48.0 203.0 56.0 61.0 82.0 146.0 124.0 118.0 172.0 31.0 154.0 53.0 92.0 66.0 157.0 94.0 66.0 114.0 114.0 151.0 106.0 81.0 91.0 99.0 112.0 78.0 29.0 12.0 103.0 140.0 126.0 71.0 154.0 115.0 96.0 96.0 117.0 113.0 106.0 119.0 141.0 51.0 79.0 173.0 120.0 61.0 116.0 143.0 85.0 28.0 165.0 130.0 26.0 119.0 154.0 80.0 66.0 150.0 186.0 37.0 136.0 
150.0 97.0 88.0 105.0 53.0 1.0 68.0 59.0 102.0 127.0 121.0 124.0 27.0 33.0 20.0 52.0 15.0 79.0 131.0 79.0 115.0 118.0 60.0 10.0 48.0 8.0 78.0 164.0 40.0 130.0 23.0 92.0 90.0 82.0 150.0 151.0 101.0 101.0 40.0 -21.0 175.0 -6.0 -15.0 181.0 163.0 33.0 69.0 157.0 59.0 130.0 68.0 159.0 110.0 126.0 84.0 60.0 54.0 74.0 155.0 114.0 94.0 15.0 132.0 30.0 21.0 125.0 122.0 120.0 125.0 71.0 136.0 116.0 211.0 215.0 170.0 167.0 91.0 211.0 136.0 85.0 16.0 70.0 156.0 48.0 119.0 164.0 170.0 122.0 150.0 128.0 76.0 134.0 145.0 89.0 48.0 158.0 131.0 118.0 119.0 117.0 
87.0 85.0 50.0 -7.0 97.0 62.0 85.0 87.0 116.0 144.0 90.0 98.0 54.0 12.0 118.0 38.0 91.0 115.0 103.0 98.0 98.0 98.0 44.0 110.0 128.0 99.0 68.0 116.0 61.0 86.0 56.0 19.0 55.0 46.0 99.0 108.0 91.0 94.0 111.0 90.0 136.0 41.0 57.0 189.0 75.0 84.0 148.0 148.0 116.0 135.0 35.0 91.0 -7.0 64.0 47.0 59.0 11.0 31.0 116.0 62.0 51.0 62.0 88.0 101.0 45.0 -5.0 93.0 69.0 136.0 63.0 17.0 125.0 135.0 77.0 77.0 155.0 158.0 -3.0 19.0 17.0 70.0 109.0 78.0 41.0 68.0 113.0 24.0 44.0 71.0 24.0 53.0 69.0 88.0 81.0 97.0 131.0 26.0 137.0 78.0 15.0 
60.0 -26.0 80.0 57.0 86.0 100.0 71.0 49.0 126.0 62.0 57.0 139.0 41.0 98.0 118.0 42.0 39.0 66.0 73.0 67.0 28.0 6.0 100.0 91.0 26.0 116.0 100.0 52.0 74.0 93.0 28.0 54.0 -5.0 4.0 121.0 63.0 98.0 37.0 132.0 -7.0 25.0 -4.0 30.0 77.0 95.0 8.0 125.0 46.0 88.0 28.0 36.0 90.0 54.0 41.0 50.0 88.0 39.0 -30.0 85.0 89.0 42.0 82.0 83.0 151.0 38.0 87.0 50.0 3.0 106.0 76.0 16.0 121.0 128.0 80.0 58.0 67.0 146.0 10.0 9.0 104.0 61.0 6.0 118.0 51.0 -26.0 141.0 87.0 105.0 71.0 62.0 92.0 49.0 44.0 82.0 102.0 9.0 43.0 75.0 65.0 97.0 
94.0 95.0 32.0 122.0 73.0 -28.0 146.0 39.0 69.0 78.0 67.0 45.0 38.0 91.0 54.0 21.0 32.0 150.0 143.0 75.0 104.0 62.0 14.0 32.0 124.0 45.0 107.0 77.0 -69.0 125.0 56.0 -58.0 31.0 79.0 140.0 4.0 84.0 113.0 88.0 45.0 51.0 -30.0 62.0 80.0 51.0 45.0 69.0 90.0 42.0 126.0 1.0 64.0 -25.0 101.0 71.0 38.0 102.0 82.0 87.0 117.0 119.0 96.0 196.0 100.0 64.0 21.0 106.0 72.0 155.0 81.0 67.0 -4.0 126.0 148.0 105.0 26.0 104.0 77.0 40.0 46.0 21.0 90.0 45.0 73.0 7.0 129.0 29.0 124.0 14.0 48.0 -18.0 -17.0 67.0 41.0 95.0 145.0 -1.0 42.0 85.0 28.0 
37.0 46.0 137.0 101.0 118.0 61.0 117.0 83.0 130.0 161.0 91.0 162.0 157.0 184.0 134.0 82.0 104.0 89.0 128.0 166.0 93.0 118.0 99.0 111.0 70.0 155.0 71.0 213.0 56.0 202.0 60.0 79.0 167.0 35.0 136.0 70.0 91.0 154.0 119.0 23.0 161.0 49.0 157.0 150.0 159.0 53.0 96.0 55.0 87.0 169.0 63.0 78.0 108.0 120.0 120.0 65.0 130.0 118.0 170.0 72.0 83.0 92.0 142.0 25.0 125.0 15.0 80.0 89.0 173.0 82.0 131.0 102.0 171.0 204.0 219.0 52.0 97.0 94.0 183.0 59.0 53.0 82.0 121.0 86.0 151.0 210.0 115.0 132.0 81.0 146.0 131.0 49.0 159.0 129.0 102.0 128.0 129.0 150.0 77.0 169.0 
66.0 122.0 8.0 50.0 90.0 48.0 90.0 107.0 130.0 104.0 100.0 115.0 85.0 124.0 150.0 109.0 52.0 84.0 107.0 131.0 92.0 69.0 101.0 13.0 91.0 100.0 12.0 147.0 114.0 151.0 120.0 -3.0 44.0 13.0 128.0 -15.0 80.0 92.0 141.0 101.0 79.0 56.0 108.0 143.0 124.0 91.0 81.0 131.0 60.0 99.0 34.0 15.0 70.0 73.0 55.0 182.0 101.0 79.0 64.0 66.0 106.0 56.0 101.0 99.0 116.0 32.0 156.0 90.0 122.0 124.0 72.0 118.0 95.0 155.0 168.0 2.0 157.0 86.0 29.0 -4.0 61.0 100.0 141.0 88.0 110.0 109.0 41.0 108.0 133.0 90.0 24.0 50.0 97.0 34.0 84.0 119.0 107.0 104.0 58.0 69.0 
76.0 157.0 100.0 133.0 76.0 16.0 112.0 115.0 144.0 43.0 89.0 102.0 78.0 74.0 12.0 17.0 65.0 79.0 129.0 19.0 123.0 185.0 38.0 138.0 79.0 117.0 44.0 151.0 24.0 153.0 51.0 83.0 146.0 114.0 154.0 73.0 145.0 14.0 60.0 132.0 111.0 50.0 86.0 224.0 213.0 66.0 121.0 146.0 82.0 161.0 53.0 140.0 9.0 102.0 120.0 71.0 135.0 42.0 76.0 111.0 167.0 86.0 137.0 46.0 18.0 51.0 49.0 132.0 70.0 131.0 106.0 171.0 202.0 62.0 150.0 141.0 37.0 67.0 128.0 82.0 79.0 100.0 52.0 34.0 110.0 151.0 69.0 61.0 113.0 110.0 159.0 87.0 153.0 101.0 142.0 122.0 84.0 107.0 35.0 60.0 
33.0 37.0 31.0 108.0 132.0 27.0 116.0 102.0 120.0 103.0 124.0 106.0 83.0 101.0 72.0 66.0 18.0 34.0 115.0 92.0 24.0 19.0 27.0 80.0 55.0 57.0 89.0 125.0 40.0 4.0 74.0 35.0 35.0 99.0 156.0 46.0 142.0 36.0 138.0 66.0 86.0 31.0 42.0 88.0 63.0 90.0 36.0 53.0 -12.0 56.0 118.0 62.0 57.0 173.0 88.0 93.0 96.0 71.0 101.0 84.0 79.0 48.0 94.0 87.0 94.0 47.0 69.0 54.0 156.0 153.0 42.0 100.0 93.0 50.0 88.0 92.0 21.0 72.0 27.0 -6.0 86.0 31.0 126.0 69.0 80.0 65.0 62.0 36.0 96.0 107.0 54.0 70.0 91.0 51.0 55.0 1.0 74.0 77.0 51.0 112.0 
69.0 76.0 48.0 65.0 131.0 41.0 115.0 81.0 118.0 77.0 160.0 102.0 42.0 156.0 4.0 156.0 34.0 42.0 159.0 100.0 97.0 128.0 214.0 -9.0 57.0 71.0 86.0 132.0 75.0 90.0 68.0 93.0 15.0 23.0 120.0 55.0 73.0 48.0 122.0 46.0 219.0 93.0 81.0 139.0 125.0 105.0 210.0 121.0 46.0 95.0 96.0 38.0 126.0 91.0 137.0 103.0 157.0 35.0 137.0 113.0 117.0 65.0 170.0 81.0 102.0 76.0 57.0 29.0 164.0 167.0 105.0 236.0 164.0 153.0 192.0 103.0 -3.0 102.0 118.0 43.0 65.0 104.0 105.0 137.0 35.0 138.0 82.0 106.0 141.0 51.0 28.0 30.0 114.0 119.0 145.0 136.0 154.0 173.0 131.0 181.0 
67.0 108.0 99.0 46.0 168.0 130.0 114.0 153.0 147.0 102.0 155.0 132.0 96.0 126.0 168.0 194.0 84.0 127.0 90.0 61.0 181.0 143.0 152.0 97.0 76.0 187.0 183.0 183.0 92.0 144.0 112.0 78.0 107.0 107.0 209.0 125.0 165.0 61.0 200.0 144.0 106.0 38.0 54.0 226.0 117.0 129.0 171.0 157.0 93.0 112.0 43.0 80.0 78.0 203.0 131.0 83.0 79.0 198.0 113.0 109.0 160.0 101.0 145.0 116.0 63.0 95.0 167.0 110.0 126.0 149.0 177.0 175.0 190.0 43.0 224.0 181.0 153.0 69.0 54.0 121.0 53.0 63.0 169.0 161.0 188.0 147.0 129.0 103.0 129.0 137.0 78.0 125.0 204.0 63.0 120.0 101.0 118.0 178.0 98.0 70.0 
57.0 110.0 58.0 116.0 68.0 115.0 79.0 123.0 148.0 64.0 116.0 68.0 105.0 84.0 128.0 60.0 70.0 78.0 116.0 149.0 42.0 114.0 110.0 50.0 60.0 104.0 71.0 167.0 58.0 171.0 68.0 111.0 18.0 83.0 124.0 47.0 61.0 130.0 70.0 89.0 142.0 57.0 179.0 139.0 111.0 61.0 58.0 146.0 98.0 162.0 92.0 47.0 72.0 136.0 125.0 107.0 93.0 146.0 135.0 104.0 191.0 56.0 101.0 -4.0 77.0 40.0 76.0 41.0 149.0 115.0 116.0 76.0 88.0 92.0 172.0 46.0 90.0 93.0 30.0 113.0 74.0 107.0 93.0 78.0 153.0 170.0 46.0 112.0 126.0 161.0 118.0 70.0 180.0 92.0 58.0 168.0 180.0 8.0 20.0 118.0 
79.0 202.0 211.0 168.0 184.0 135.0 170.0 102.0 55.0 109.0 93.0 145.0 52.0 185.0 111.0 116.0 69.0 218.0 235.0 149.0 88.0 174.0 74.0 160.0 139.0 54.0 145.0 89.0 94.0 183.0 146.0 112.0 141.0 48.0 145.0 118.0 198.0 78.0 130.0 152.0 144.0 93.0 69.0 116.0 117.0 131.0 98.0 120.0 102.0 145.0 64.0 78.0 10.0 168.0 90.0 150.0 131.0 77.0 148.0 182.0 158.0 97.0 221.0 85.0 148.0 71.0 104.0 178.0 73.0 154.0 157.0 142.0 203.0 105.0 172.0 76.0 161.0 118.0 157.0 57.0 32.0 38.0 56.0 86.0 40.0 169.0 100.0 242.0 84.0 154.0 92.0 63.0 123.0 174.0 132.0 139.0 117.0 90.0 139.0 126.0 
148.0 121.0 84.0 104.0 202.0 75.0 150.0 81.0 154.0 122.0 169.0 142.0 60.0 157.0 137.0 188.0 111.0 96.0 151.0 91.0 139.0 258.0 225.0 127.0 58.0 161.0 147.0 219.0 88.0 202.0 79.0 192.0 86.0 53.0 172.0 110.0 165.0 103.0 137.0 53.0 158.0 94.0 75.0 131.0 178.0 109.0 203.0 177.0 71.0 143.0 -12.0 151.0 103.0 200.0 163.0 138.0 125.0 152.0 198.0 107.0 193.0 142.0 224.0 48.0 133.0 133.0 177.0 131.0 203.0 114.0 146.0 201.0 163.0 127.0 133.0 201.0 180.0 153.0 36.0 151.0 198.0 67.0 144.0 201.0 121.0 174.0 59.0 106.0 196.0 117.0 130.0 171.0 273.0 122.0 96.0 110.0 171.0 173.0 217.0 192.0 
101.0 133.0 84.0 101.0 134.0 37.0 172.0 144.0 67.0 73.0 103.0 91.0 62.0 149.0 58.0 81.0 12.0 160.0 207.0 118.0 152.0 161.0 96.0 121.0 112.0 121.0 110.0 101.0 37.0 135.0 66.0 90.0 35.0 125.0 113.0 114.0 150.0 120.0 51.0 107.0 227.0 34.0 110.0 162.0 139.0 130.0 107.0 123.0 136.0 138.0 46.0 118.0 66.0 164.0 85.0 91.0 172.0 120.0 239.0 135.0 192.0 86.0 162.0 91.0 76.0 93.0 184.0 122.0 175.0 122.0 73.0 135.0 125.0 155.0 193.0 91.0 75.0 117.0 98.0 110.0 82.0 79.0 170.0 131.0 108.0 119.0 92.0 130.0 103.0 119.0 63.0 115.0 167.0 134.0 123.0 116.0 125.0 138.0 136.0 133.0 
208.0 -7.0 94.0 31.0 162.0 60.0 113.0 102.0 107.0 65.0 155.0 75.0 82.0 97.0 95.0 81.0 78.0 68.0 168.0 118.0 128.0 126.0 168.0 80.0 118.0 193.0 96.0 73.0 111.0 86.0 15.0 9.0 53.0 151.0 119.0 88.0 127.0 89.0 133.0 61.0 117.0 27.0 -15.0 121.0 111.0 96.0 64.0 105.0 80.0 82.0 52.0 26.0 127.0 118.0 93.0 124.0 78.0 65.0 186.0 112.0 162.0 84.0 169.0 81.0 122.0 72.0 149.0 147.0 209.0 60.0 41.0 121.0 148.0 11.0 106.0 98.0 99.0 159.0 1.0 182.0 90.0 86.0 137.0 56.0 132.0 140.0 110.0 111.0 133.0 68.0 127.0 157.0 157.0 83.0 18.0 73.0 110.0 57.0 65.0 129.0 
119.0 72.0 27.0 146.0 109.0 140.0 165.0 109.0 153.0 50.0 174.0 134.0 127.0 91.0 95.0 198.0 134.0 84.0 201.0 158.0 113.0 214.0 181.0 183.0 129.0 116.0 141.0 207.0 108.0 146.0 142.0 104.0 117.0 99.0 189.0 65.0 226.0 65.0 128.0 141.0 187.0 83.0 117.0 143.0 105.0 137.0 151.0 169.0 146.0 225.0 157.0 99.0 74.0 172.0 38.0 130.0 159.0 63.0 181.0 129.0 104.0 44.0 171.0 94.0 126.0 51.0 1.0 90.0 85.0 130.0 51.0 190.0 165.0 36.0 216.0 104.0 86.0 142.0 217.0 110.0 116.0 137.0 94.0 152.0 155.0 248.0 173.0 169.0 179.0 176.0 176.0 73.0 209.0 138.0 129.0 120.0 178.0 116.0 136.0 166.0 
41.0 87.0 33.0 51.0 57.0 46.0 156.0 58.0 110.0 19.0 122.0 78.0 94.0 75.0 72.0 94.0 60.0 106.0 122.0 123.0 104.0 182.0 115.0 87.0 50.0 24.0 129.0 74.0 71.0 98.0 51.0 105.0 8.0 3.0 103.0 51.0 97.0 84.0 48.0 -15.0 116.0 50.0 70.0 132.0 110.0 75.0 164.0 112.0 47.0 114.0 72.0 59.0 27.0 60.0 84.0 76.0 103.0 85.0 155.0 132.0 140.0 143.0 113.0 114.0 98.0 13.0 23.0 82.0 172.0 184.0 48.0 122.0 45.0 70.0 116.0 14.0 85.0 91.0 91.0 48.0 106.0 97.0 151.0 96.0 34.0 147.0 55.0 97.0 52.0 49.0 88.0 77.0 118.0 102.0 69.0 115.0 128.0 124.0 48.0 90.0 
25.0 57.0 110.0 16.0 223.0 49.0 177.0 86.0 76.0 66.0 80.0 121.0 119.0 139.0 81.0 93.0 106.0 118.0 118.0 56.0 95.0 135.0 88.0 129.0 112.0 163.0 68.0 141.0 92.0 124.0 97.0 152.0 28.0 110.0 69.0 41.0 124.0 52.0 191.0 73.0 160.0 96.0 140.0 148.0 112.0 79.0 106.0 32.0 115.0 134.0 61.0 70.0 28.0 44.0 115.0 145.0 112.0 47.0 136.0 0.0 82.0 14.0 106.0 150.0 129.0 46.0 101.0 53.0 103.0 126.0 103.0 140.0 173.0 99.0 136.0 75.0 97.0 101.0 85.0 42.0 20.0 44.0 187.0 92.0 65.0 174.0 66.0 135.0 22.0 116.0 93.0 53.0 71.0 141.0 116.0 58.0 110.0 126.0 135.0 126.0 
28.0 74.0 68.0 88.0 88.0 35.0 151.0 176.0 48.0 105.0 236.0 128.0 114.0 89.0 119.0 93.0 -15.0 107.0 87.0 82.0 82.0 108.0 110.0 108.0 108.0 100.0 73.0 142.0 122.0 104.0 120.0 44.0 108.0 55.0 100.0 80.0 179.0 124.0 94.0 71.0 190.0 68.0 97.0 136.0 100.0 51.0 70.0 124.0 46.0 85.0 36.0 65.0 77.0 181.0 87.0 147.0 56.0 43.0 112.0 110.0 46.0 150.0 103.0 53.0 160.0 64.0 91.0 87.0 105.0 135.0 137.0 150.0 151.0 137.0 164.0 101.0 51.0 57.0 114.0 63.0 3.0 68.0 203.0 147.0 196.0 121.0 75.0 188.0 158.0 125.0 44.0 107.0 99.0 90.0 51.0 75.0 108.0 182.0 158.0 161.0 
132.0 34.0 136.0 65.0 190.0 28.0 136.0 48.0 57.0 129.0 99.0 79.0 173.0 124.0 59.0 83.0 67.0 27.0 144.0 33.0 112.0 98.0 123.0 67.0 95.0 120.0 76.0 150.0 91.0 116.0 179.0 132.0 112.0 42.0 187.0 46.0 116.0 85.0 123.0 85.0 148.0 103.0 68.0 144.0 99.0 53.0 90.0 93.0 72.0 93.0 17.0 32.0 85.0 146.0 65.0 43.0 119.0 45.0 37.0 104.0 151.0 73.0 27.0 66.0 144.0 142.0 104.0 204.0 40.0 123.0 41.0 155.0 210.0 82.0 97.0 106.0 47.0 87.0 69.0 58.0 67.0 100.0 96.0 95.0 119.0 88.0 77.0 149.0 85.0 157.0 20.0 102.0 30.0 51.0 93.0 69.0 139.0 151.0 26.0 101.0 
-11.0 61.0 30.0 85.0 -11.0 63.0 33.0 134.0 55.0 27.0 100.0 89.0 65.0 71.0 157.0 98.0 76.0 93.0 50.0 33.0 48.0 44.0 49.0 103.0 59.0 81.0 120.0 118.0 28.0 129.0 22.0 -3.0 51.0 -18.0 158.0 68.0 128.0 53.0 114.0 39.0 78.0 45.0 76.0 108.0 65.0 12.0 107.0 132.0 109.0 70.0 156.0 59.0 59.0 94.0 28.0 59.0 77.0 94.0 70.0 116.0 -1.0 18.0 9.0 87.0 65.0 11.0 -23.0 56.0 35.0 119.0 142.0 135.0 128.0 65.0 195.0 45.0 78.0 47.0 96.0 61.0 21.0 55.0 52.0 117.0 61.0 90.0 99.0 71.0 88.0 102.0 92.0 -12.0 106.0 42.0 116.0 70.0 32.0 89.0 33.0 85.0 
79.0 131.0 111.0 113.0 76.0 130.0 154.0 110.0 129.0 54.0 123.0 123.0 116.0 74.0 91.0 189.0 45.0 147.0 156.0 136.0 101.0 254.0 107.0 130.0 115.0 121.0 111.0 169.0 41.0 211.0 70.0 47.0 93.0 90.0 55.0 110.0 130.0 67.0 153.0 6.0 161.0 128.0 66.0 124.0 169.0 43.0 144.0 71.0 60.0 177.0 12.0 67.0 52.0 167.0 101.0 112.0 148.0 91.0 244.0 177.0 169.0 106.0 214.0 63.0 87.0 91.0 129.0 119.0 234.0 149.0 142.0 126.0 203.0 159.0 215.0 125.0 105.0 131.0 100.0 152.0 105.0 119.0 99.0 165.0 164.0 164.0 85.0 101.0 129.0 78.0 142.0 131.0 168.0 132.0 110.0 123.0 150.0 182.0 99.0 146.0 
87.0 93.0 68.0 69.0 102.0 42.0 158.0 54.0 61.0 67.0 135.0 76.0 79.0 25.0 116.0 117.0 68.0 99.0 116.0 -4.0 109.0 114.0 51.0 18.0 50.0 55.0 68.0 147.0 76.0 160.0 52.0 76.0 40.0 52.0 195.0 127.0 63.0 100.0 131.0 60.0 115.0 58.0 74.0 132.0 62.0 54.0 125.0 112.0 29.0 156.0 46.0 87.0 28.0 90.0 42.0 85.0 71.0 82.0 50.0 93.0 90.0 93.0 82.0 58.0 51.0 61.0 74.0 192.0 71.0 108.0 121.0 144.0 214.0 83.0 129.0 153.0 60.0 91.0 62.0 92.0 33.0 66.0 42.0 101.0 3.0 121.0 34.0 106.0 34.0 111.0 136.0 92.0 101.0 86.0 74.0 148.0 27.0 147.0 95.0 69.0 
80.0 76.0 -48.0 -2.0 17.0 54.0 51.0 25.0 46.0 73.0 96.0 4.0 72.0 56.0 69.0 125.0 31.0 56.0 -12.0 31.0 -16.0 110.0 100.0 64.0 122.0 9.0 34.0 27.0 111.0 134.0 94.0 15.0 22.0 9.0 43.0 20.0 68.0 47.0 62.0 56.0 29.0 -17.0 11.0 118.0 31.0 55.0 20.0 27.0 -11.0 129.0 44.0 61.0 25.0 94.0 -11.0 160.0 80.0 30.0 19.0 57.0 71.0 50.0 86.0 50.0 9.0 -48.0 95.0 10.0 78.0 94.0 78.0 97.0 93.0 85.0 93.0 86.0 43.0 25.0 67.0 49.0 100.0 53.0 85.0 0.0 72.0 59.0 36.0 -4.0 99.0 103.0 50.0 67.0 106.0 31.0 57.0 46.0 -5.0 131.0 60.0 59.0 
50.0 38.0 182.0 74.0 139.0 65.0 63.0 79.0 58.0 111.0 53.0 47.0 100.0 107.0 28.0 69.0 84.0 116.0 96.0 136.0 79.0 125.0 68.0 81.0 51.0 13.0 129.0 85.0 79.0 114.0 90.0 87.0 94.0 82.0 113.0 68.0 106.0 34.0 -9.0 59.0 132.0 74.0 81.0 59.0 21.0 29.0 9.0 33.0 76.0 124.0 50.0 49.0 25.0 92.0 111.0 57.0 101.0 35.0 100.0 155.0 90.0 97.0 85.0 75.0 -10.0 87.0 107.0 83.0 49.0 62.0 90.0 24.0 153.0 140.0 33.0 112.0 124.0 78.0 106.0 75.0 90.0 55.0 105.0 55.0 82.0 51.0 62.0 107.0 12.0 179.0 45.0 75.0 69.0 88.0 13.0 94.0 176.0 81.0 110.0 103.0 
44.0 162.0 12.0 8.0 82.0 27.0 91.0 106.0 67.0 30.0 74.0 47.0 104.0 140.0 127.0 98.0 51.0 61.0 117.0 136.0 64.0 47.0 119.0 18.0 103.0 86.0 72.0 96.0 16.0 140.0 46.0 7.0 38.0 20.0 146.0 70.0 43.0 90.0 121.0 95.0 138.0 100.0 83.0 124.0 171.0 66.0 188.0 97.0 85.0 42.0 48.0 55.0 55.0 59.0 118.0 160.0 61.0 85.0 123.0 117.0 118.0 33.0 66.0 20.0 169.0 38.0 106.0 120.0 134.0 149.0 74.0 115.0 116.0 80.0 187.0 -7.0 121.0 109.0 69.0 23.0 39.0 105.0 95.0 124.0 23.0 85.0 10.0 122.0 82.0 41.0 126.0 71.0 56.0 61.0 91.0 85.0 132.0 99.0 35.0 62.0 
123.0 40.0 182.0 140.0 153.0 147.0 144.0 166.0 227.0 71.0 172.0 223.0 105.0 104.0 142.0 107.0 129.0 88.0 172.0 74.0 106.0 162.0 114.0 112.0 40.0 195.0 79.0 173.0 80.0 159.0 8.0 70.0 134.0 80.0 258.0 150.0 136.0 28.0 122.0 159.0 182.0 54.0 63.0 126.0 139.0 62.0 55.0 153.0 75.0 97.0 126.0 96.0 72.0 252.0 93.0 142.0 65.0 70.0 178.0 120.0 160.0 81.0 95.0 36.0 142.0 118.0 145.0 111.0 154.0 131.0 85.0 240.0 189.0 121.0 161.0 182.0 61.0 204.0 169.0 135.0 161.0 35.0 173.0 143.0 167.0 164.0 147.0 173.0 162.0 253.0 126.0 66.0 159.0 191.0 159.0 160.0 141.0 162.0 86.0 171.0 
22.0 35.0 23.0 21.0 125.0 35.0 94.0 86.0 151.0 59.0 92.0 128.0 131.0 116.0 103.0 146.0 90.0 64.0 58.0 85.0 150.0 144.0 141.0 80.0 37.0 106.0 111.0 132.0 95.0 104.0 82.0 58.0 80.0 109.0 136.0 50.0 85.0 21.0 14.0 4.0 88.0 83.0 139.0 133.0 44.0 49.0 134.0 89.0 81.0 146.0 86.0 3.0 86.0 58.0 119.0 53.0 72.0 166.0 180.0 104.0 116.0 87.0 91.0 54.0 49.0 -1.0 60.0 52.0 167.0 73.0 114.0 50.0 109.0 132.0 85.0 8.0 124.0 115.0 124.0 34.0 70.0 109.0 160.0 103.0 138.0 112.0 87.0 71.0 101.0 31.0 62.0 62.0 149.0 81.0 66.0 100.0 96.0 135.0 54.0 139.0 
128.0 4.0 109.0 47.0 141.0 32.0 104.0 82.0 91.0 169.0 115.0 92.0 88.0 132.0 80.0 99.0 100.0 106.0 83.0 84.0 88.0 130.0 120.0 93.0 113.0 124.0 89.0 124.0 76.0 149.0 60.0 18.0 98.0 36.0 215.0 39.0 92.0 5.0 87.0 95.0 128.0 21.0 47.0 91.0 46.0 50.0 79.0 29.0 121.0 99.0 50.0 90.0 62.0 103.0 86.0 45.0 74.0 79.0 144.0 128.0 152.0 68.0 55.0 20.0 95.0 81.0 182.0 81.0 104.0 117.0 96.0 98.0 167.0 113.0 39.0 163.0 95.0 115.0 39.0 125.0 94.0 100.0 187.0 28.0 81.0 103.0 57.0 74.0 58.0 77.0 93.0 91.0 120.0 128.0 41.0 100.0 83.0 135.0 105.0 100.0 
143.0 105.0 153.0 129.0 161.0 71.0 179.0 85.0 95.0 144.0 127.0 62.0 87.0 144.0 133.0 118.0 106.0 133.0 134.0 144.0 101.0 109.0 162.0 96.0 146.0 196.0 69.0 235.0 60.0 134.0 50.0 59.0 54.0 173.0 118.0 106.0 65.0 169.0 94.0 60.0 224.0 67.0 174.0 160.0 39.0 128.0 88.0 111.0 60.0 210.0 36.0 38.0 148.0 100.0 139.0 66.0 122.0 74.0 159.0 74.0 121.0 82.0 112.0 17.0 187.0 118.0 173.0 129.0 170.0 127.0 84.0 77.0 186.0 118.0 56.0 56.0 90.0 120.0 42.0 98.0 25.0 78.0 121.0 51.0 148.0 190.0 80.0 144.0 105.0 100.0 109.0 134.0 148.0 170.0 79.0 119.0 151.0 56.0 113.0 121.0 
69.0 152.0 139.0 171.0 114.0 41.0 162.0 85.0 110.0 76.0 107.0 94.0 63.0 65.0 79.0 129.0 13.0 102.0 127.0 105.0 103.0 114.0 72.0 55.0 61.0 70.0 118.0 112.0 54.0 161.0 62.0 75.0 106.0 84.0 131.0 90.0 167.0 101.0 114.0 84.0 182.0 25.0 126.0 135.0 143.0 72.0 101.0 83.0 49.0 154.0 53.0 117.0 86.0 149.0 140.0 49.0 118.0 117.0 80.0 182.0 99.0 75.0 162.0 43.0 64.0 105.0 109.0 97.0 127.0 191.0 55.0 174.0 182.0 126.0 127.0 132.0 142.0 46.0 152.0 76.0 -7.0 120.0 111.0 93.0 99.0 119.0 142.0 148.0 110.0 100.0 109.0 29.0 79.0 175.0 96.0 79.0 79.0 194.0 87.0 150.0 
88.0 9.0 161.0 55.0 97.0 99.0 -18.0 98.0 109.0 84.0 99.0 55.0 82.0 25.0 159.0 64.0 60.0 117.0 132.0 119.0 64.0 189.0 95.0 124.0 134.0 177.0 68.0 139.0 179.0 106.0 42.0 49.0 124.0 125.0 119.0 74.0 121.0 94.0 58.0 57.0 172.0 36.0 61.0 50.0 62.0 98.0 78.0 85.0 136.0 62.0 37.0 52.0 113.0 78.0 101.0 67.0 41.0 51.0 171.0 124.0 81.0 87.0 80.0 137.0 18.0 87.0 124.0 73.0 114.0 74.0 141.0 94.0 86.0 51.0 101.0 129.0 135.0 50.0 72.0 137.0 73.0 60.0 144.0 25.0 109.0 46.0 147.0 53.0 93.0 123.0 126.0 75.0 142.0 50.0 61.0 76.0 109.0 66.0 85.0 72.0 
74.0 122.0 223.0 21.0 223.0 149.0 132.0 158.0 131.0 118.0 54.0 50.0 140.0 139.0 195.0 138.0 90.0 164.0 201.0 200.0 92.0 179.0 186.0 204.0 185.0 206.0 132.0 119.0 131.0 173.0 133.0 111.0 93.0 125.0 65.0 92.0 181.0 126.0 148.0 171.0 253.0 137.0 152.0 153.0 127.0 224.0 150.0 3.0 162.0 153.0 60.0 72.0 34.0 175.0 56.0 113.0 122.0 107.0 199.0 136.0 184.0 127.0 271.0 139.0 112.0 14.0 213.0 124.0 99.0 73.0 85.0 159.0 121.0 137.0 95.0 195.0 212.0 46.0 142.0 159.0 101.0 60.0 107.0 107.0 127.0 208.0 74.0 193.0 122.0 121.0 138.0 92.0 134.0 160.0 174.0 112.0 184.0 143.0 70.0 112.0 
59.0 79.0 111.0 83.0 139.0 26.0 113.0 46.0 97.0 80.0 110.0 83.0 -3.0 66.0 46.0 -2.0 33.0 41.0 152.0 133.0 145.0 171.0 141.0 62.0 94.0 105.0 94.0 95.0 -30.0 202.0 46.0 43.0 113.0 117.0 115.0 60.0 6.0 89.0 69.0 40.0 87.0 93.0 38.0 98.0 147.0 -4.0 142.0 145.0 48.0 106.0 -55.0 154.0 59.0 56.0 154.0 2.0 138.0 62.0 111.0 121.0 72.0 131.0 155.0 36.0 36.0 88.0 101.0 135.0 52.0 37.0 75.0 79.0 150.0 155.0 116.0 144.0 104.0 85.0 106.0 160.0 74.0 111.0 97.0 112.0 113.0 154.0 94.0 115.0 126.0 62.0 40.0 72.0 107.0 163.0 116.0 4.0 149.0 129.0 118.0 113.0 
86.0 61.0 123.0 140.0 178.0 -31.0 101.0 60.0 134.0 80.0 186.0 83.0 66.0 31.0 46.0 21.0 50.0 94.0 103.0 1.0 57.0 144.0 42.0 107.0 58.0 157.0 108.0 105.0 85.0 98.0 102.0 145.0 97.0 143.0 173.0 109.0 141.0 99.0 122.0 44.0 151.0 -10.0 128.0 232.0 100.0 73.0 81.0 124.0 126.0 152.0 109.0 51.0 64.0 53.0 77.0 -2.0 72.0 8.0 94.0 125.0 93.0 97.0 64.0 48.0 86.0 68.0 72.0 133.0 93.0 138.0 112.0 131.0 177.0 72.0 117.0 150.0 54.0 127.0 107.0 80.0 78.0 91.0 82.0 79.0 99.0 91.0 143.0 221.0 134.0 154.0 122.0 84.0 150.0 82.0 27.0 130.0 94.0 138.0 118.0 131.0 
69.0 114.0 68.0 114.0 89.0 30.0 62.0 60.0 74.0 47.0 65.0 66.0 72.0 -4.0 118.0 56.0 43.0 76.0 99.0 46.0 34.0 114.0 27.0 63.0 34.0 90.0 76.0 115.0 48.0 101.0 48.0 14.0 71.0 109.0 72.0 52.0 151.0 60.0 48.0 52.0 57.0 45.0 40.0 91.0 118.0 62.0 30.0 122.0 113.0 132.0 57.0 68.0 109.0 72.0 84.0 34.0 87.0 60.0 93.0 77.0 -5.0 61.0 135.0 114.0 16.0 93.0 80.0 84.0 34.0 72.0 52.0 58.0 74.0 103.0 38.0 59.0 112.0 127.0 113.0 70.0 5.0 80.0 125.0 49.0 82.0 137.0 62.0 110.0 102.0 111.0 29.0 36.0 84.0 40.0 17.0 94.0 90.0 96.0 90.0 31.0 
104.0 93.0 71.0 104.0 149.0 -17.0 54.0 49.0 40.0 67.0 136.0 29.0 57.0 11.0 126.0 11.0 -12.0 24.0 96.0 1.0 52.0 87.0 -1.0 36.0 55.0 50.0 126.0 62.0 91.0 164.0 73.0 111.0 84.0 7.0 120.0 87.0 125.0 62.0 13.0 136.0 136.0 54.0 106.0 115.0 116.0 25.0 74.0 126.0 77.0 134.0 51.0 137.0 60.0 43.0 54.0 147.0 75.0 47.0 89.0 13.0 68.0 54.0 116.0 52.0 52.0 69.0 94.0 160.0 80.0 43.0 129.0 134.0 133.0 114.0 120.0 118.0 84.0 44.0 49.0 119.0 77.0 39.0 50.0 22.0 -16.0 132.0 91.0 78.0 95.0 105.0 90.0 123.0 84.0 93.0 74.0 76.0 82.0 145.0 22.0 63.0 
164.0 95.0 108.0 62.0 105.0 67.0 128.0 147.0 132.0 100.0 75.0 63.0 130.0 114.0 57.0 74.0 77.0 81.0 166.0 171.0 136.0 116.0 139.0 98.0 143.0 191.0 84.0 179.0 149.0 180.0 57.0 66.0 121.0 119.0 161.0 134.0 62.0 122.0 102.0 71.0 141.0 77.0 59.0 170.0 177.0 124.0 88.0 140.0 61.0 125.0 10.0 72.0 141.0 169.0 87.0 45.0 95.0 214.0 155.0 135.0 213.0 106.0 170.0 37.0 89.0 91.0 182.0 151.0 60.0 88.0 136.0 116.0 110.0 123.0 128.0 97.0 116.0 133.0 86.0 168.0 69.0 147.0 180.0 8.0 167.0 265.0 50.0 95.0 111.0 95.0 137.0 160.0 151.0 162.0 64.0 83.0 178.0 96.0 62.0 90.0 
177.0 86.0 172.0 119.0 219.0 110.0 183.0 155.0 96.0 168.0 241.0 120.0 135.0 146.0 132.0 128.0 158.0 166.0 182.0 138.0 203.0 241.0 134.0 140.0 104.0 169.0 173.0 247.0 92.0 194.0 165.0 94.0 192.0 191.0 224.0 150.0 213.0 133.0 183.0 166.0 179.0 59.0 70.0 168.0 104.0 145.0 136.0 220.0 143.0 139.0 64.0 94.0 146.0 194.0 160.0 43.0 57.0 111.0 178.0 158.0 145.0 91.0 130.0 131.0 203.0 119.0 212.0 194.0 146.0 163.0 139.0 183.0 292.0 74.0 207.0 178.0 169.0 132.0 113.0 179.0 109.0 147.0 226.0 50.0 237.0 194.0 110.0 173.0 161.0 152.0 147.0 116.0 223.0 180.0 22.0 183.0 205.0 154.0 164.0 137.0 
145.0 160.0 144.0 135.0 100.0 127.0 171.0 88.0 120.0 25.0 145.0 62.0 98.0 65.0 -19.0 171.0 103.0 78.0 118.0 139.0 146.0 185.0 118.0 110.0 98.0 82.0 145.0 184.0 91.0 168.0 89.0 91.0 65.0 68.0 4.0 111.0 207.0 91.0 105.0 65.0 98.0 30.0 7.0 188.0 141.0 98.0 102.0 147.0 39.0 209.0 92.0 127.0 62.0 89.0 93.0 104.0 89.0 59.0 161.0 99.0 120.0 95.0 206.0 99.0 -17.0 99.0 124.0 110.0 72.0 119.0 144.0 148.0 194.0 144.0 137.0 112.0 123.0 152.0 172.0 48.0 95.0 120.0 127.0 118.0 106.0 128.0 156.0 104.0 145.0 143.0 35.0 94.0 156.0 84.0 87.0 105.0 152.0 143.0 152.0 134.0 
60.0 74.0 82.0 111.0 31.0 80.0 106.0 128.0 76.0 83.0 91.0 122.0 159.0 158.0 138.0 118.0 6.0 142.0 102.0 122.0 136.0 97.0 68.0 150.0 131.0 124.0 104.0 154.0 112.0 163.0 95.0 46.0 177.0 1.0 174.0 55.0 191.0 190.0 117.0 80.0 160.0 44.0 113.0 131.0 86.0 44.0 100.0 98.0 94.0 91.0 68.0 177.0 115.0 192.0 102.0 42.0 61.0 91.0 154.0 186.0 148.0 120.0 113.0 66.0 209.0 76.0 135.0 175.0 146.0 152.0 97.0 131.0 200.0 193.0 181.0 35.0 106.0 96.0 102.0 178.0 21.0 111.0 107.0 85.0 197.0 194.0 102.0 149.0 148.0 153.0 120.0 91.0 124.0 126.0 57.0 96.0 73.0 82.0 45.0 195.0 
113.0 58.0 119.0 126.0 81.0 132.0 132.0 85.0 142.0 76.0 158.0 124.0 58.0 104.0 72.0 28.0 99.0 106.0 168.0 134.0 143.0 118.0 157.0 144.0 55.0 119.0 103.0 168.0 19.0 132.0 108.0 79.0 134.0 107.0 143.0 87.0 110.0 123.0 145.0 170.0 182.0 -21.0 121.0 110.0 115.0 149.0 168.0 128.0 82.0 71.0 78.0 122.0 90.0 127.0 65.0 19.0 71.0 53.0 182.0 97.0 95.0 45.0 125.0 85.0 159.0 70.0 66.0 56.0 126.0 112.0 86.0 187.0 199.0 99.0 148.0 132.0 122.0 116.0 131.0 100.0 45.0 145.0 127.0 41.0 166.0 218.0 191.0 134.0 168.0 153.0 163.0 50.0 138.0 221.0 98.0 118.0 137.0 88.0 65.0 133.0 
-9.0 94.0 96.0 156.0 99.0 39.0 90.0 92.0 108.0 99.0 95.0 68.0 50.0 86.0 104.0 110.0 -60.0 56.0 140.0 157.0 50.0 128.0 44.0 145.0 118.0 111.0 20.0 81.0 107.0 121.0 52.0 -3.0 38.0 84.0 126.0 99.0 131.0 58.0 145.0 18.0 154.0 32.0 8.0 145.0 110.0 41.0 57.0 77.0 83.0 161.0 131.0 81.0 57.0 76.0 87.0 60.0 104.0 36.0 127.0 174.0 102.0 158.0 135.0 24.0 3.0 17.0 131.0 107.0 77.0 53.0 165.0 54.0 101.0 173.0 92.0 134.0 88.0 67.0 76.0 107.0 46.0 157.0 80.0 139.0 145.0 105.0 154.0 102.0 155.0 95.0 88.0 102.0 114.0 50.0 44.0 137.0 37.0 149.0 162.0 153.0 
95.0 9.0 71.0 54.0 73.0 90.0 103.0 93.0 195.0 93.0 129.0 67.0 110.0 65.0 108.0 95.0 4.0 41.0 105.0 115.0 83.0 63.0 107.0 60.0 178.0 121.0 80.0 168.0 120.0 89.0 50.0 59.0 104.0 73.0 72.0 17.0 72.0 96.0 40.0 62.0 120.0 92.0 123.0 94.0 50.0 70.0 88.0 8.0 135.0 141.0 50.0 50.0 116.0 169.0 117.0 88.0 81.0 121.0 149.0 143.0 161.0 105.0 134.0 40.0 102.0 102.0 133.0 125.0 161.0 93.0 65.0 86.0 69.0 121.0 80.0 80.0 80.0 117.0 88.0 56.0 43.0 66.0 166.0 61.0 159.0 148.0 14.0 179.0 75.0 86.0 61.0 142.0 121.0 70.0 12.0 28.0 135.0 25.0 111.0 107.0 
27.0 136.0 42.0 30.0 79.0 70.0 125.0 118.0 158.0 84.0 63.0 124.0 79.0 108.0 114.0 182.0 23.0 77.0 99.0 153.0 98.0 164.0 171.0 68.0 105.0 103.0 102.0 158.0 164.0 160.0 83.0 -8.0 79.0 61.0 125.0 15.0 152.0 140.0 107.0 47.0 149.0 47.0 46.0 151.0 117.0 92.0 110.0 219.0 96.0 103.0 77.0 104.0 84.0 128.0 88.0 169.0 84.0 121.0 165.0 123.0 126.0 110.0 170.0 113.0 105.0 26.0 133.0 83.0 134.0 116.0 103.0 100.0 149.0 111.0 173.0 16.0 223.0 64.0 74.0 66.0 66.0 91.0 105.0 81.0 119.0 102.0 103.0 74.0 166.0 64.0 134.0 110.0 112.0 -4.0 152.0 106.0 46.0 129.0 128.0 155.0 
167.0 14.0 72.0 55.0 98.0 93.0 80.0 164.0 161.0 80.0 206.0 106.0 38.0 88.0 215.0 43.0 22.0 111.0 216.0 116.0 133.0 120.0 119.0 96.0 96.0 94.0 141.0 123.0 57.0 204.0 92.0 59.0 51.0 111.0 232.0 70.0 62.0 91.0 133.0 60.0 151.0 15.0 51.0 68.0 148.0 37.0 99.0 84.0 111.0 120.0 80.0 79.0 95.0 56.0 77.0 109.0 41.0 72.0 240.0 166.0 123.0 93.0 63.0 164.0 82.0 50.0 30.0 128.0 139.0 108.0 89.0 104.0 165.0 92.0 155.0 112.0 137.0 112.0 75.0 151.0 81.0 98.0 209.0 95.0 92.0 153.0 115.0 192.0 120.0 105.0 139.0 118.0 198.0 217.0 38.0 73.0 168.0 60.0 95.0 111.0 
65.0 110.0 64.0 14.0 84.0 45.0 48.0 85.0 60.0 64.0 46.0 138.0 17.0 65.0 88.0 32.0 33.0 104.0 77.0 3.0 49.0 36.0 74.0 73.0 88.0 102.0 74.0 11.0 6.0 66.0 117.0 45.0 34.0 -22.0 122.0 51.0 82.0 90.0 111.0 95.0 103.0 14.0 76.0 115.0 45.0 94.0 76.0 59.0 103.0 69.0 75.0 79.0 90.0 106.0 -88.0 18.0 43.0 108.0 97.0 85.0 93.0 20.0 76.0 18.0 142.0 24.0 85.0 79.0 14.0 148.0 58.0 173.0 109.0 115.0 96.0 50.0 148.0 36.0 76.0 49.0 64.0 52.0 15.0 75.0 54.0 46.0 70.0 70.0 159.0 54.0 62.0 -7.0 79.0 113.0 83.0 45.0 36.0 35.0 45.0 40.0 
80.0 75.0 130.0 112.0 139.0 22.0 6.0 49.0 153.0 112.0 135.0 50.0 70.0 85.0 71.0 -4.0 60.0 125.0 59.0 54.0 75.0 57.0 82.0 75.0 135.0 105.0 54.0 113.0 25.0 79.0 60.0 81.0 147.0 98.0 138.0 108.0 111.0 75.0 57.0 1.0 102.0 67.0 105.0 154.0 79.0 78.0 97.0 97.0 55.0 146.0 -48.0 37.0 82.0 75.0 76.0 99.0 106.0 54.0 85.0 116.0 110.0 78.0 101.0 39.0 95.0 89.0 102.0 126.0 137.0 139.0 138.0 71.0 141.0 154.0 18.0 65.0 174.0 50.0 58.0 134.0 58.0 50.0 94.0 41.0 141.0 161.0 84.0 146.0 126.0 60.0 93.0 57.0 122.0 122.0 73.0 122.0 66.0 65.0 83.0 56.0 
36.0 50.0 93.0 66.0 63.0 60.0 48.0 63.0 86.0 113.0 43.0 8.0 77.0 63.0 151.0 19.0 71.0 77.0 159.0 172.0 134.0 100.0 98.0 79.0 106.0 128.0 29.0 137.0 63.0 116.0 18.0 90.0 66.0 103.0 62.0 72.0 65.0 114.0 109.0 53.0 148.0 75.0 57.0 78.0 86.0 76.0 22.0 -9.0 105.0 71.0 -45.0 -5.0 4.0 9.0 107.0 28.0 14.0 89.0 115.0 111.0 105.0 84.0 112.0 107.0 2.0 119.0 130.0 133.0 77.0 34.0 99.0 32.0 73.0 91.0 115.0 85.0 151.0 3.0 84.0 40.0 46.0 51.0 56.0 51.0 79.0 134.0 61.0 119.0 105.0 45.0 52.0 58.0 99.0 128.0 41.0 145.0 122.0 38.0 40.0 90.0 
139.0 83.0 182.0 78.0 157.0 105.0 121.0 127.0 179.0 86.0 77.0 147.0 121.0 106.0 53.0 120.0 106.0 141.0 132.0 95.0 142.0 214.0 144.0 162.0 85.0 167.0 118.0 101.0 115.0 139.0 84.0 79.0 133.0 135.0 223.0 70.0 197.0 121.0 131.0 86.0 177.0 9.0 69.0 154.0 168.0 176.0 182.0 103.0 83.0 139.0 40.0 152.0 68.0 229.0 135.0 84.0 125.0 116.0 178.0 167.0 147.0 110.0 193.0 134.0 82.0 54.0 101.0 55.0 176.0 191.0 109.0 247.0 212.0 93.0 106.0 179.0 178.0 107.0 112.0 159.0 56.0 76.0 198.0 26.0 127.0 179.0 167.0 59.0 133.0 171.0 166.0 50.0 219.0 163.0 155.0 74.0 83.0 193.0 97.0 165.0 
159.0 49.0 135.0 38.0 136.0 6.0 86.0 126.0 74.0 96.0 133.0 99.0 159.0 167.0 115.0 73.0 103.0 145.0 126.0 86.0 159.0 139.0 32.0 148.0 58.0 71.0 63.0 141.0 50.0 79.0 40.0 177.0 102.0 40.0 161.0 204.0 143.0 33.0 95.0 69.0 105.0 38.0 116.0 169.0 85.0 126.0 57.0 136.0 60.0 118.0 8.0 0.0 77.0 120.0 72.0 88.0 39.0 107.0 105.0 101.0 89.0 85.0 101.0 91.0 71.0 33.0 89.0 142.0 151.0 99.0 62.0 145.0 189.0 95.0 160.0 92.0 68.0 23.0 151.0 102.0 69.0 58.0 106.0 93.0 80.0 156.0 20.0 122.0 123.0 99.0 103.0 78.0 124.0 138.0 66.0 193.0 95.0 143.0 59.0 26.0 
161.0 111.0 124.0 111.0 143.0 78.0 221.0 18.0 123.0 60.0 73.0 81.0 80.0 89.0 104.0 128.0 97.0 69.0 174.0 33.0 78.0 128.0 126.0 158.0 92.0 126.0 69.0 111.0 96.0 125.0 81.0 106.0 58.0 83.0 156.0 69.0 136.0 140.0 147.0 100.0 235.0 59.0 106.0 189.0 136.0 83.0 105.0 58.0 110.0 147.0 53.0 80.0 18.0 132.0 56.0 46.0 115.0 95.0 109.0 118.0 160.0 86.0 101.0 78.0 127.0 79.0 133.0 123.0 110.0 115.0 30.0 179.0 183.0 112.0 184.0 107.0 61.0 133.0 120.0 89.0 19.0 25.0 23.0 88.0 45.0 172.0 76.0 170.0 70.0 154.0 119.0 59.0 111.0 103.0 125.0 184.0 112.0 106.0 23.0 80.0 
